#state,X,Y,Z
LWA266,-2409394.570003794,-4477606.689434178,3839565.0853618234
LWA259,-2409184.7653408246,-4477289.569962069,3840064.092727579
LWA268,-2409402.726611566,-4477552.004591979,3839623.8909305963
LWA267,-2409129.396342207,-4477650.939028138,3839679.1538697006
LWA271,-2409312.9883053913,-4477304.6126043415,3839966.3155196216
LWA269,-2408966.189802606,-4477657.731216734,3839772.005463541
LWA276,-2409558.9687088104,-4477329.941027689,3839783.6659413753
LWA273,-2409665.2113520023,-4477269.587408377,3839787.26127421
LWA278,-2409203.364294785,-4477442.632526025,3839873.938216707
LWA277,-2408953.0626968625,-4477604.080108362,3839843.205780039
LWA282,-2409244.6508823684,-4477550.869597987,3839723.417363467
LWA281,-2409407.7815861884,-4477624.939653439,3839535.197424091
LWA307,-2409320.7922342783,-4477500.916841904,3839733.309407006
LWA285,-2409449.7703385763,-4477414.783987596,3839752.5196862165
LWA309,-2409064.4765823474,-4477517.281939983,3839874.592547317
LWA308,-2409288.21655743,-4477443.823849454,3839819.708665059
LWA311,-2409537.5950415586,-4477500.917721536,3839599.1313719554
LWA310,-2409126.822811514,-4477541.56790553,3839807.5759907346
LWA313,-2408907.444400956,-4477795.4583530985,3839648.5316583537
LWA312,-2409569.683672739,-4477399.20010886,3839695.3132568956
LWA321,-2409503.0099229934,-4477258.020068655,3839902.60475865
LWA314,-2409033.628971688,-4477739.491263415,3839635.7831563842
LWA330,-2408904.5240429915,-4477537.373339497,3839951.922251774
LWA327,-2409376.983000836,-4477226.906468979,3840017.1047684397
LWA338,-2409215.189708848,-4477652.160754842,3839624.202213647
LWA332,-2409086.080001487,-4477433.055354505,3839958.7991910516
LWA340,-2409385.0195436035,-4477375.709117084,3839839.2432768736
LWA339,-2409200.936865902,-4477377.862490094,3839951.3938560705
LWA352,-2409662.1761292894,-4477390.183907692,3839648.44769822
LWA341,-2410429.214871207,-4477759.762646672,3838731.7365800682
LWA362,-2409080.8332933043,-4478388.456946084,3838848.92665347
LWA353,-2409968.928542566,-4476763.5883912025,3840183.7145092497
LWA257,-2409928.194253588,-4477697.048681981,3839120.1009227913
LWA255,-2409479.2085896386,-4477761.299361056,3839332.759417678
LWA260,-2409687.203117145,-4477465.222499392,3839544.6226110165
LWA258,-2410069.028767468,-4477210.461991782,3839595.700329534
LWA265,-2409545.434432172,-4477764.364351143,3839285.7594128647
LWA263,-2409611.206530251,-4477967.0647178665,3839008.8230545204
LWA272,-2409874.8765015486,-4477266.645107614,3839656.1658477806
LWA270,-2409859.7840651604,-4477601.715780758,3839275.3127562576
LWA283,-2409999.3639944727,-4477620.703693886,3839163.955903305
LWA280,-2409923.898872708,-4477502.798202923,3839348.2252630927
LWA288,-2409814.192033969,-4477321.94420698,3839628.856231384
LWA284,-2409586.952353748,-4477623.320598586,3839424.8236008924
LWA292,-2410019.8177194092,-4477395.886955729,3839410.893039721
LWA291,-2410076.0641613696,-4477271.035942897,3839520.5244527133
LWA296,-2409808.1995816785,-4477425.284289774,3839512.2645093785
LWA295,-2409693.6324745095,-4477559.704285321,3839431.5167441256
LWA301,-2409811.100828445,-4477861.916184599,3839003.505974379
LWA298,-2408630.7425091974,-4477475.028013139,3840195.7401813907
LWA305,-2409610.6090282304,-4477681.264944175,3839342.09190107
LWA303,-2409682.653467399,-4477841.455814957,3839111.0978390314
LWA317,-2409643.2171274396,-4477791.302027941,3839194.0545994737
LWA306,-2409766.4292054954,-4477718.563008373,3839198.0198301957
LWA320,-2409951.653941339,-4477199.207302123,3839681.981175475
LWA318,-2409556.613892029,-4477890.329292755,3839132.640391835
LWA336,-2409849.2568939393,-4477451.609001406,3839456.6700880993
LWA335,-2410078.319293613,-4477500.642018247,3839252.4892792087
LWA343,-2409564.1223317552,-4477554.910494751,3839519.176977562
LWA337,-2409527.6602770826,-4477660.289650908,3839418.8768650196
LWA351,-2409909.922716702,-4477339.772951946,3839547.8956183256
LWA344,-2409746.3190529104,-4477610.542562851,3839337.3822114817
LWA360,-2409195.7046101727,-4478445.947930992,3838710.9777686843
LWA354,-2409743.999708481,-4476914.976398111,3840150.796480231
LWA002,-2409171.6812591264,-4477884.636825056,3839379.3686336433
LWA001,-2409166.185733693,-4477881.219902365,3839387.1490139207
LWA004,-2409178.09508705,-4477893.806486864,3839364.863551758
LWA003,-2409164.073004195,-4477891.6729021715,3839376.868336885
LWA006,-2409174.158871994,-4477903.117975151,3839356.661742063
LWA005,-2409160.982117245,-4477906.4292319985,3839361.468229401
LWA009,-2409178.288746009,-4477909.398644453,3839346.3982615373
LWA007,-2409156.348920366,-4477913.446918986,3839356.2094637435
LWA011,-2409170.0885684146,-4477917.089752353,3839342.698278825
LWA010,-2409186.8777512433,-4477906.3619415015,3839344.5628127814
LWA012,-2409172.5898412107,-4477920.191651506,3839337.463012981
LWA008,-2409175.21600964,-4477906.128066986,3839352.3173140474
LWA040,-2409190.7480049715,-4477884.085828881,3839368.023638531
LWA038,-2409181.604723982,-4477884.7492368575,3839372.540928498
LWA042,-2409190.122898048,-4477892.943203817,3839358.1684867283
LWA041,-2409204.8231619564,-4477883.7236967245,3839360.0171518237
LWA044,-2409194.0349267353,-4477903.228218196,3839343.963549055
LWA043,-2409202.0156694967,-4477895.717446896,3839347.9548478494
LWA046,-2409193.7883077147,-4477908.681386237,3839337.6840161015
LWA045,-2409205.8251543366,-4477900.389180832,3839340.002872574
LWA071,-2409213.7381235054,-4477883.227752508,3839355.0515053156
LWA047,-2409208.663007955,-4477904.579262896,3839333.297122056
LWA074,-2409211.942981695,-4477894.19229746,3839343.3522390337
LWA073,-2409211.6409727074,-4477887.99668799,3839350.7512045964
LWA077,-2409217.4819934666,-4477898.446654824,3839334.7231302336
LWA075,-2409222.876731043,-4477889.482252149,3839341.7459164984
LWA275,-2408785.0080565475,-4477695.29330635,3839841.5477492
LWA274,-2409088.5658174166,-4477905.687648162,3839407.115759334
LWA302,-2409741.2935516657,-4478068.141968353,3838810.449867762
LWA286,-2410209.4339333945,-4477331.56039898,3839367.3397702742
LWA363,-2409212.834064577,-4478250.339766282,3838927.7609383604
LWA323,-2409005.0513812755,-4477879.772575415,3839489.865406534
LWA013,-2409181.3940311717,-4477919.997450751,3839331.952487962
LWA016,-2409168.0661807754,-4477931.172377563,3839327.3463544184
LWA015,-2409162.2784238867,-4477934.223457911,3839327.8983064895
LWA014,-2409192.0495870197,-4477914.742212336,3839331.828809902
LWA018,-2409167.916882109,-4477936.349472411,3839321.573804392
LWA017,-2409183.5364408167,-4477927.231283207,3839322.2861278187
LWA020,-2409182.8376158,-4477934.721137785,3839314.2427953975
LWA019,-2409193.329954957,-4477927.699550079,3839315.688864422
LWA022,-2409193.9877441553,-4477933.007472092,3839309.063373343
LWA021,-2409163.5750723225,-4477948.376342401,3839311.486748222
LWA024,-2409200.00158027,-4477933.63206151,3839304.5251925844
LWA023,-2409178.901621801,-4477944.28045748,3839305.951822931
LWA026,-2409195.4826737205,-4477940.470787713,3839299.286766482
LWA025,-2409174.3542983155,-4477950.25345278,3839302.064548101
LWA029,-2409174.920989932,-4477961.433049687,3839287.8504244336
LWA027,-2409185.093944473,-4477946.463729901,3839299.463565606
LWA049,-2409209.915338727,-4477912.408249537,3839323.1160038244
LWA048,-2409214.990630642,-4477907.341753067,3839325.855219242
LWA051,-2409216.556764795,-4477912.65773362,3839318.8525500386
LWA050,-2409206.5645692716,-4477915.766887891,3839321.3465577834
LWA053,-2409212.2609956814,-4477920.268891662,3839312.6959064687
LWA052,-2409210.2237135665,-4477916.7557400605,3839317.887120647
LWA054,-2409215.921166595,-4477923.863273593,3839306.266806635
LWA080,-2409220.697016603,-4477906.823585117,3839323.1630717223
LWA084,-2409223.290400719,-4477917.309940873,3839309.5466079186
LWA055,-2409214.3982212306,-4477930.021729176,3839299.9160624887
LWA324,-2409002.501143456,-4478007.775130049,3839342.552169632
LWA262,-2409136.5796663016,-4478003.318080568,3839263.3713034485
LWA348,-2410348.840097112,-4477357.468187307,3839248.859877591
LWA331,-2408983.4410262485,-4477407.092808,3840053.638060637
LWA365,-2409600.796616608,-4478348.7946335925,3838603.082901026
LWA364,-2409400.5815776363,-4478196.364603387,3838872.5671641976
LWA030,-2409190.543065062,-4477954.861207202,3839285.6111624353
LWA028,-2409203.1096974364,-4477942.421058808,3839292.3393974784
LWA032,-2409207.614749691,-4477957.783207159,3839272.36155316
LWA031,-2409205.6534990845,-4477948.80128455,3839283.3951060213
LWA063,-2409235.676960508,-4477955.948537073,3839256.6317803715
LWA060,-2409219.3443301297,-4477945.933815454,3839278.1338985306
LWA057,-2409220.657227465,-4477932.411276837,3839292.866280139
LWA056,-2409223.00988519,-4477925.481675709,3839299.67588608
LWA059,-2409224.8585468554,-4477939.300415221,3839282.266186119
LWA058,-2409213.5296782795,-4477939.947721456,3839288.478588412
LWA062,-2409218.101970901,-4477954.352111269,3839269.2544446527
LWA061,-2409233.1309031663,-4477940.891612623,3839275.497731144
LWA085,-2409234.5742328307,-4477916.387897925,3839303.4492216
LWA064,-2409231.403894226,-4477958.535213392,3839256.281964409
LWA087,-2409241.053123566,-4477917.983553431,3839297.033387877
LWA086,-2409227.918850874,-4477921.917288435,3839301.0099005755
LWA089,-2409246.4883808447,-4477925.309810313,3839285.223847309
LWA096,-2409257.3125889483,-4477949.850557138,3839250.293111274
LWA091,-2409244.8332378925,-4477936.714498011,3839273.373249833
LWA090,-2409241.9840850444,-4477933.230226678,3839279.020624358
LWA093,-2409243.148624629,-4477948.409117755,3839260.940649317
LWA092,-2409241.660826453,-4477943.274319567,3839267.8334722538
LWA095,-2409249.5136519116,-4477951.508867428,3839253.117520117
LWA094,-2409255.4243402877,-4477942.325020072,3839260.287989146
LWA122,-2409246.430144613,-4477919.8238893105,3839291.40095648
LWA121,-2409249.02625356,-4477911.288299376,3839300.2168113007
LWA325,-2408616.7580594346,-4477594.46043622,3840065.2198308995
LWA316,-2410168.1033089296,-4477488.135677696,3839210.4460771843
LWA334,-2408816.940766996,-4477846.372084022,3839646.315497695
LWA328,-2409345.509559343,-4477117.103349634,3840164.5765533526
LWA361,-2409234.466564554,-4477999.564622073,3839206.6723353653
LWA358,-2409228.9228011733,-4478083.41643475,3839112.0018553897
LWA035,-2409189.38903936,-4477874.324181626,3839380.146477878
LWA033,-2409182.000610864,-4477860.630908217,3839401.0117363734
LWA034,-2409175.925567931,-4477876.621075472,3839385.7615444697
LWA036,-2409197.478752761,-4477871.071321789,3839379.0378622296
LWA066,-2409194.063027752,-4477856.181389979,3839398.4497485394
LWA065,-2409194.1566522783,-4477849.694729414,3839406.2035187916
LWA068,-2409198.7667769096,-4477862.194942144,3839388.4191100853
LWA067,-2409202.3787315693,-4477855.807962694,3839393.6166066625
LWA070,-2409216.908655184,-4477868.009085704,3839370.3591200486
LWA069,-2409204.1128315968,-4477866.281746096,3839380.534174218
LWA097,-2409209.1790216,-4477840.133890875,3839407.817065362
LWA072,-2409223.191056918,-4477880.367615055,3839351.811929685
LWA099,-2409217.7223179284,-4477858.65753923,3839381.197930695
LWA098,-2409215.7873274735,-4477853.011955206,3839389.1591766323
LWA101,-2409222.8030012306,-4477866.64904435,3839367.979835127
LWA100,-2409226.0824545617,-4477859.599105772,3839374.3343981
LWA103,-2409231.021096238,-4477865.6707823,3839364.2055774042
LWA102,-2409232.983791927,-4477861.416212225,3839367.71282375
LWA105,-2409224.5087270504,-4477874.788649258,3839357.5034423973
LWA104,-2409223.3471119497,-4477870.616066368,3839363.1109989393
LWA129,-2409231.9388639536,-4477829.403989302,3839406.2925818604
LWA037,-2409192.214668354,-4477879.362544091,3839372.6474961643
LWA131,-2409227.5833195522,-4477840.544966289,3839396.5304519814
LWA130,-2409222.5225300044,-4477835.087279412,3839405.263861029
LWA134,-2409229.9678296275,-4477847.224539776,3839387.140757972
LWA132,-2409234.828328694,-4477840.6126937615,3839392.0518265855
LWA252,-2409098.6611084985,-4477797.6978077665,3839527.3140812693
LWA139,-2409239.466199348,-4477868.017682198,3839355.9583878247
LWA294,-2409169.2984322584,-4477826.3806421,3839449.0034112697
LWA289,-2409957.5154807027,-4477944.819409659,3838815.492574841
LWA319,-2410168.51121334,-4477080.85813556,3839684.9247065424
LWA299,-2409043.8799341144,-4478243.714566465,3839042.0595484236
LWA078,-2409223.1406473406,-4477897.832285915,3839332.37048338
LWA076,-2409226.5393889523,-4477893.482063735,3839335.0439348365
LWA081,-2409231.048507407,-4477903.930807593,3839320.6240353226
LWA079,-2409230.685386409,-4477896.308582807,3839329.6478120456
LWA108,-2409233.2149354606,-4477884.63742724,3839341.0800285344
LWA107,-2409229.2714205636,-4477879.291467542,3839349.5000539185
LWA110,-2409244.191759017,-4477882.112761949,3839337.3115944103
LWA109,-2409239.944036165,-4477882.10349411,3839339.8873762884
LWA112,-2409241.3564144927,-4477891.177607103,3839328.924192815
LWA111,-2409233.6160731944,-4477887.960362031,3839337.1786358044
LWA114,-2409244.6329135597,-4477894.500860738,3839323.279723322
LWA113,-2409247.667949274,-4477890.999338086,3839325.2957799253
LWA116,-2409246.7411689656,-4477897.316079031,3839318.6215016847
LWA115,-2409250.1208338365,-4477893.4155257335,3839321.000705304
LWA118,-2409247.452598492,-4477902.015542243,3839312.3205049695
LWA117,-2409251.7457956364,-4477897.660718503,3839314.7887731637
LWA120,-2409254.147627109,-4477901.190154306,3839308.740033172
LWA082,-2409230.407808774,-4477909.548694944,3839314.3992703175
LWA143,-2409242.877222036,-4477874.539175794,3839346.343182615
LWA142,-2409243.8670909754,-4477871.033218368,3839349.7878510375
LWA145,-2409248.148117213,-4477877.403529394,3839340.0864007045
LWA144,-2409252.4714143192,-4477870.355046777,3839345.325985005
LWA147,-2409258.595362522,-4477879.920223283,3839330.7414510935
LWA150,-2409258.931201657,-4477897.694308465,3839309.907486584
LWA149,-2409259.5741966236,-4477891.91029412,3839316.3397916537
LWA148,-2409258.0113559384,-4477887.715021367,3839322.0916181407
LWA151,-2409269.317598983,-4477892.410726017,3839309.620627839
LWA172,-2409265.572984811,-4477873.714306203,3839333.482622452
LWA279,-2408780.4411246097,-4477768.049124557,3839760.3164319173
LWA178,-2409268.2240790534,-4477887.814062262,3839315.6771467724
LWA355,-2409410.5220107464,-4478084.272801778,3838997.523189549
LWA287,-2409967.152080393,-4477117.720543269,3839767.1766758515
LWA124,-2409258.814929188,-4477920.627717262,3839283.5927095097
LWA127,-2409266.9927457464,-4477934.523572408,3839262.0988514735
LWA126,-2409256.387811911,-4477934.529189763,3839268.8018860347
LWA125,-2409262.8203437445,-4477930.100869107,3839269.955744604
LWA188,-2409284.786260126,-4477917.811860109,3839270.3852866683
LWA128,-2409273.8491061307,-4477940.744850809,3839250.5843331907
LWA153,-2409265.455214153,-4477903.758666695,3839298.8151929257
LWA181,-2409273.708890312,-4477892.669920307,3839306.7814318403
LWA155,-2409263.5188972824,-4477912.299262806,3839290.2598180734
LWA154,-2409266.886546349,-4477908.8858195925,3839292.181347175
LWA157,-2409270.5081816916,-4477915.36044619,3839282.4558547675
LWA156,-2409270.8512319513,-4477912.034592202,3839286.2273363234
LWA159,-2409281.720670003,-4477929.5900339065,3839258.4523644857
LWA158,-2409273.2880703956,-4477929.950735229,3839263.307348731
LWA182,-2409282.0999746495,-4477898.551875026,3839294.7531508096
LWA160,-2409288.8656451786,-4477934.796754941,3839248.0985790323
LWA185,-2409278.8521115836,-4477905.829202274,3839288.3962285784
LWA184,-2409275.8877882767,-4477902.885802382,3839293.5052774604
LWA187,-2409289.4781927275,-4477908.131170549,3839278.8743690373
LWA186,-2409292.536337122,-4477899.662096139,3839286.86243577
LWA190,-2409287.400143783,-4477921.518099364,3839264.3960243245
LWA189,-2409295.926133867,-4477916.704442818,3839264.7408830673
LWA191,-2409296.3517778227,-4477921.539525079,3839258.8739135694
LWA192,-2409297.264496332,-4477925.180165145,3839254.235857395
LWA224,-2409312.1874764785,-4477913.071841359,3839259.0443535196
LWA222,-2409304.8053430533,-4477906.263127282,3839271.1209965567
LWA326,-2408778.7239659918,-4477640.0671788985,3839910.4227524577
LWA322,-2409572.8260922143,-4477031.2306964705,3840121.58924137
LWA345,-2409326.837597525,-4477958.401069075,3839197.098214943
LWA333,-2408857.016816977,-4477993.079196384,3839450.6602686825
LWA359,-2409354.9619130394,-4478034.96319226,3839089.622141372
LWA347,-2410355.836620511,-4477532.437996331,3839040.7773653734
LWA135,-2409245.0979499286,-4477850.07431109,3839373.764165788
LWA133,-2409238.9291595747,-4477841.5683523,3839388.355594076
LWA137,-2409248.2875225344,-4477851.786232228,3839369.792824959
LWA136,-2409243.4235724877,-4477854.033089288,3839370.0233145687
LWA140,-2409246.7641440625,-4477865.364755334,3839354.631627942
LWA138,-2409243.8252824116,-4477862.472384321,3839359.7812182903
LWA161,-2409249.2106403415,-4477819.009795526,3839407.3205636684
LWA141,-2409253.8161931965,-4477863.82442335,3839352.1526560932
LWA163,-2409257.787030484,-4477832.475545593,3839387.4656775896
LWA162,-2409242.9686308126,-4477835.305477789,3839393.4402131108
LWA165,-2409262.4555436377,-4477844.746790692,3839369.678679932
LWA164,-2409245.7927618604,-4477845.029148728,3839379.721159883
LWA167,-2409262.5382727063,-4477856.893691911,3839355.505423042
LWA166,-2409252.2248078547,-4477856.302011656,3839362.0906369383
LWA193,-2409268.2891703187,-4477816.172929421,3839398.8308559484
LWA226,-2409300.4502456016,-4477820.860952915,3839374.72484034
LWA195,-2409276.489258597,-4477817.622344116,3839392.37100896
LWA194,-2409261.7997014285,-4477823.014319652,3839395.131998648
LWA197,-2409278.143458698,-4477830.783048913,3839376.671852684
LWA196,-2409266.99676357,-4477834.868712291,3839378.6882951437
LWA200,-2409276.6931261006,-4477838.664509839,3839368.1974311722
LWA199,-2409285.9168116474,-4477832.276537443,3839370.1129089254
LWA202,-2409272.2326281075,-4477848.6326900525,3839359.2479153345
LWA201,-2409269.3083066177,-4477844.692264416,3839365.569557071
LWA227,-2409287.395619254,-4477828.705414164,3839373.493480495
LWA225,-2409290.6577346534,-4477814.198764838,3839388.10057447
LWA349,-2409802.519564357,-4477188.322537765,3839795.1941419146
LWA253,-2409241.794458514,-4477718.101585534,3839529.995937562
LWA293,-2409254.5050174994,-4477782.382186868,3839447.0471286164
LWA290,-2409984.3891969398,-4477790.95958452,3838974.9536053115
LWA357,-2409123.6091537434,-4478131.545007789,3839121.6195553397
LWA329,-2408776.492604136,-4477545.3179866,3840021.9028868056
LWA170,-2409274.0552955144,-4477861.379907694,3839343.261548184
LWA234,-2409317.6562309396,-4477846.234958583,3839333.976310864
LWA173,-2409277.4539095717,-4477868.820383214,3839332.473705452
LWA171,-2409264.166046373,-4477868.591333062,3839340.344173098
LWA169,-2409265.174432688,-4477861.0702609075,3839348.941079521
LWA175,-2409273.191803126,-4477872.824605799,3839330.1444335356
LWA204,-2409281.4376288964,-4477851.912301127,3839349.909120439
LWA203,-2409292.9944903348,-4477841.437610425,3839354.9725367203
LWA206,-2409284.762200867,-4477858.24301406,3839340.3539757603
LWA205,-2409293.5077615813,-4477850.782754902,3839343.809753479
LWA208,-2409288.1979788253,-4477861.940873193,3839334.1266748575
LWA207,-2409278.376820537,-4477864.249729983,3839337.193565132
LWA210,-2409288.209706771,-4477868.930412028,3839325.8732050676
LWA209,-2409289.7823608876,-4477864.57090666,3839330.0425992175
LWA228,-2409303.3850437407,-4477828.844014808,3839363.4819973228
LWA230,-2409311.472394846,-4477829.933931647,3839357.029544172
LWA231,-2409317.860017454,-4477831.6295547355,3839350.9183282135
LWA229,-2409301.5045231846,-4477833.689516326,3839358.842416765
LWA233,-2409299.0923592364,-4477850.467097838,3839340.5456822873
LWA232,-2409317.943334855,-4477837.852976492,3839343.7226906475
LWA236,-2409314.224100597,-4477852.139458144,3839328.977850065
LWA235,-2409305.000888485,-4477854.235447535,3839332.183101336
LWA238,-2409303.950138864,-4477861.642122771,3839324.1747619393
LWA237,-2409329.122517148,-4477847.099715517,3839326.091520118
LWA240,-2409335.525438353,-4477852.648415525,3839315.6060109655
LWA239,-2409307.251280094,-4477863.5762965605,3839319.8597646984
LWA297,-2408874.9467591112,-4477343.609829432,3840196.3993950305
LWA254,-2409387.1896552206,-4477704.165867855,3839455.661987692
LWA346,-2409344.2008478665,-4477775.590595933,3839399.766183041
LWA342,-2410092.756447892,-4477657.878872828,3839061.8754442497
LWA356,-2409283.5975206452,-4478150.989470155,3838998.452328411
LWA350,-2409629.855288098,-4477163.419440378,3839933.0216182363
LWA177,-2409277.2300084797,-4477879.421574884,3839320.11684581
LWA247,-2409330.9910896397,-4477873.412248045,3839293.666688396
LWA180,-2409284.618028594,-4477885.231744181,3839308.648301076
LWA179,-2409277.1186700137,-4477884.223214738,3839314.5904196994
LWA183,-2409286.8645790624,-4477896.174563905,3839294.5208699456
LWA176,-2409272.773940065,-4477878.594316916,3839323.5884225126
LWA212,-2409288.794880769,-4477879.4975373205,3839312.9357955763
LWA211,-2409292.3660567054,-4477873.4243283095,3839317.729150855
LWA214,-2409299.557130416,-4477877.746437633,3839308.074237536
LWA213,-2409304.160435404,-4477871.9020369835,3839311.9591461103
LWA243,-2409328.2262354735,-4477861.135493614,3839310.141766372
LWA215,-2409289.229421091,-4477883.858362703,3839307.5632629916
LWA218,-2409293.400177524,-4477893.0860685175,3839294.025109406
LWA217,-2409301.814425912,-4477886.367832742,3839296.381671936
LWA221,-2409313.9117170847,-4477900.499658395,3839272.287033994
LWA219,-2409309.5038877437,-4477885.176639347,3839293.0511856605
LWA241,-2409315.3969926736,-4477864.3082328625,3839314.0169141265
LWA223,-2409323.1938129775,-4477901.558542771,3839265.43957221
LWA244,-2409315.479597502,-4477871.950168624,3839304.9303537277
LWA242,-2409323.780570423,-4477861.449591154,3839312.334222654
LWA246,-2409333.7780012786,-4477864.868160455,3839302.1915139486
LWA245,-2409342.7232851917,-4477859.327987791,3839303.2817594693
LWA249,-2409333.950477775,-4477878.727001993,3839285.6647009817
LWA248,-2409325.514108032,-4477876.407910893,3839293.3953708303
LWA251,-2409328.8726682034,-4477890.7640286395,3839274.4881081707
LWA250,-2409323.228716024,-4477885.359702294,3839284.0524890544
LWA261,-2408862.7136983303,-4477441.636813066,3840089.203987659
LWA256,-2409482.122043315,-4477866.477409825,3839207.1266160873
LWA300,-2408959.3781757695,-4478190.0977668315,3839156.9520206475
LWA264,-2409700.0064315246,-4477063.528379917,3840004.765994548
LWA315,-2410165.2179664634,-4477565.706334833,3839122.001974614
LWA304,-2409391.2740085796,-4477860.491505521,3839271.2893682523
