#RowID_	Lon_Calc	Lat_Calc	Z
1	-114.4217124	39.53681246	1735.104
2	-114.4212347	39.5509386	1735.107
3	-114.4215366	39.55113767	1735.106
4	-114.4259363	39.55291563	1735.112
5	-114.4272416	39.5482646	1735.134
6	-114.425226	39.55159665	1735.11
7	-114.4191068	39.54710741	1735.137
8	-114.4283239	39.55358657	1735.127
9	-114.420428	39.55253834	1735.104
10	-114.4234836	39.56068614	1735.173
11	-114.4159269	39.5497439	1735.135
12	-114.4278774	39.54750021	1735.144
13	-114.4229865	39.54491442	1735.158
14	-114.416604	39.55840108	1735.159
15	-114.430893	39.55310481	1735.147
16	-114.4229692	39.5622053	1735.199
17	-114.4130298	39.54953335	1735.162
18	-114.4191396	39.56417379	1735.247
19	-114.4314556	39.54768537	1735.173
20	-114.4140517	39.54582117	1735.185
21	-114.4161576	39.54277828	1735.215
22	-114.4106237	39.55409009	1735.187
23	-114.4332449	39.54934831	1735.182
24	-114.4232074	39.53830984	1735.295
25	-114.426778	39.56362518	1735.24
26	-114.4176536	39.54293545	1735.202
27	-114.4400712	39.58187895	1735.104
28	-114.429519	39.56073845	1735.203
29	-114.3260339	39.56678013	1735.105
30	-114.4033423	39.58642845	1735.105
31	-114.4302384	39.54148691	1735.254
32	-114.4104828	39.5462398	1735.222
33	-114.4272986	39.5652422	1735.281
34	-114.4202551	39.53636706	1735.353
35	-114.4095841	39.54849303	1735.212
36	-114.4307923	39.56220546	1735.241
37	-114.4163848	39.56420627	1735.262
38	-114.4116079	39.54090707	1735.297
39	-114.4374341	39.54394971	1735.304
40	-114.4914155	39.49589716	1735.105
41	-114.4282792	39.53603944	1735.381
42	-114.4367789	39.54674836	1735.256
43	-114.4093348	39.55307902	1735.203
44	-114.4068134	39.53699361	1735.104
45	-114.439183	39.54843644	1735.284
46	-114.4161346	39.5692262	1735.403
47	-114.4340518	39.54126802	1735.302
48	-114.4050503	39.55137006	1735.278
49	-114.4136666	39.53414196	1735.468
50	-114.4345209	39.56421341	1735.328
51	-114.4299851	39.56547494	1735.306
52	-114.4255524	39.53446929	1735.419
53	-114.4593244	39.57541413	1735.104
54	-114.4313691	39.5364787	1735.395
55	-114.436575	39.56418045	1735.359
56	-114.4187372	39.53383159	1735.443
57	-114.4359776	39.56432387	1735.352
58	-114.4333287	39.56908652	1735.447
59	-114.4135626	39.53216822	1735.542
60	-114.4392644	39.53982774	1735.422
61	-114.4305047	39.53593456	1735.403
62	-114.4043274	39.54291304	1735.378
63	-114.4421572	39.54838635	1735.348
64	-114.4143083	39.56978699	1735.438
65	-114.4090084	39.53760417	1735.417
66	-114.3556125	39.5708136	1735.104
67	-114.4192309	39.57244885	1735.502
68	-114.4261825	39.57447658	1735.589
69	-114.4365083	39.54848257	1735.104
70	-114.4302626	39.53455359	1735.447
71	-114.4174932	39.53227385	1735.507
72	-114.4428019	39.56194665	1735.437
73	-114.4418282	39.54825459	1735.34
74	-114.4053944	39.5643622	1735.411
75	-114.406216	39.56596947	1735.436
76	-114.4352595	39.53612368	1735.455
77	-114.4424203	39.54367662	1735.41
78	-114.4398414	39.56334559	1735.4
79	-114.422007	39.57287061	1735.514
80	-114.4007225	39.55187852	1735.375
81	-114.4326495	39.53338572	1735.514
82	-114.4286207	39.57231709	1735.515
83	-114.4436739	39.55259251	1735.368
84	-114.3244704	39.55672972	1735.105
85	-114.4343627	39.56855876	1735.444
86	-114.4186681	39.57197736	1735.488
87	-114.3990664	39.54289378	1735.504
88	-114.4174275	39.53337688	1735.466
89	-114.4418939	39.54108489	1735.448
90	-114.3994825	39.545246	1735.455
91	-114.4008116	39.56093446	1735.444
92	-114.4093201	39.5357915	1735.467
93	-114.504742	39.58444106	1735.105
94	-114.4163188	39.57421934	1735.591
95	-114.4198037	39.52943967	1735.616
96	-114.4020517	39.54323555	1735.422
97	-114.4081031	39.53342153	1735.567
98	-114.4125631	39.57037311	1735.476
99	-114.4286988	39.52786124	1735.707
100	-114.4431425	39.54804457	1735.373
101	-114.4024993	39.56618461	1735.519
102	-114.4383255	39.53496445	1735.544
103	-114.4452389	39.54351552	1735.483
104	-114.4477217	39.5582188	1735.511
105	-114.4003175	39.5558554	1735.397
106	-114.4294153	39.53176959	1735.542
107	-114.4220453	39.5766667	1735.679
108	-114.4377114	39.57466583	1735.726
109	-114.413126	39.52869808	1735.694
110	-114.4024129	39.56553551	1735.504
111	-114.3773871	39.4718992	1735.104
112	-114.4414379	39.57135718	1735.667
113	-114.4436001	39.53745553	1735.58
114	-114.4422501	39.56072316	1735.403
115	-114.403465	39.57280447	1735.717
116	-114.4078688	39.53198831	1735.626
117	-114.4009905	39.53574243	1735.634
118	-114.4346331	39.5710733	1735.533
119	-114.4119889	39.57884021	1735.848
120	-114.4214905	39.51724014	1735.104
121	-114.4339586	39.53190551	1735.586
122	-114.4437058	39.56952776	1735.656
123	-114.4483308	39.5473591	1735.519
124	-114.4079922	39.5306311	1735.679
125	-114.4406179	39.53316593	1735.653
126	-114.4445152	39.56395657	1735.521
127	-114.4337003	39.57646525	1735.745
128	-114.4250482	39.64376121	1735.104
129	-114.4235322	39.52483188	1735.837
130	-114.4502647	39.55169271	1735.556
131	-114.4460286	39.56746399	1735.652
132	-114.4205697	39.57570684	1735.637
133	-114.4254675	39.52588621	1735.787
134	-114.3827137	39.49122274	1735.105
135	-114.3969627	39.54340482	1735.554
136	-114.4461863	39.53975758	1735.587
137	-114.4288487	39.52736648	1735.733
138	-114.4165129	39.52554191	1735.819
139	-114.4100314	39.52855744	1735.739
140	-114.3946438	39.5461644	1735.585
141	-114.4371256	39.52913893	1735.752
142	-114.429357	39.5784489	1735.795
143	-114.4499203	39.56444928	1735.687
144	-114.4485035	39.54679013	1735.531
145	-114.4408544	39.53016222	1735.779
146	-114.4059178	39.57272788	1735.665
147	-114.4327063	39.52319685	1735.989
148	-114.4012591	39.57290534	1735.773
149	-114.3943222	39.54956061	1735.566
150	-114.4261213	39.57825254	1735.765
151	-114.4404194	39.57493046	1735.789
152	-114.4192967	39.56807534	1735.104
153	-114.4633089	39.48818336	1735.105
154	-114.4236612	39.52271889	1735.954
155	-114.4224081	39.5653863	1735.105
156	-114.4491978	39.55249463	1735.522
157	-114.45887	39.48509111	1735.105
158	-114.4930682	39.59456241	1735.105
159	-114.4431568	39.53256445	1735.734
160	-114.4369242	39.52617471	1735.104
161	-114.4187486	39.52460552	1735.856
162	-114.4324532	39.58214888	1736.026
163	-114.4065425	39.52560116	1735.94
164	-114.449137	39.56611216	1735.705
165	-114.3936996	39.54177531	1735.686
166	-114.4400489	39.57685564	1735.87
167	-114.4549016	39.54267276	1735.808
168	-114.4120688	39.58219644	1736.03
169	-114.4499002	39.54078757	1735.672
170	-114.4137104	39.58258695	1736.036
171	-114.4530554	39.54586538	1735.691
172	-114.4481571	39.53896262	1735.663
173	-114.4356003	39.52309508	1736.034
174	-114.4259113	39.58248796	1735.994
175	-114.3994485	39.57234406	1735.796
176	-114.4514478	39.55965657	1735.647
177	-114.399906	39.53034935	1735.863
178	-114.4468204	39.57152807	1735.809
179	-114.4251328	39.58469056	1736.125
180	-114.4064115	39.58445045	1735.105
181	-114.422194	39.58454028	1736.111
182	-114.4489861	39.56905506	1735.787
183	-114.3997411	39.53220737	1735.791
184	-114.4140086	39.52075776	1736.11
185	-114.4347215	39.57997428	1735.935
186	-114.436985	39.52446114	1735.981
187	-114.4531446	39.55252923	1735.654
188	-114.3911006	39.54445739	1735.728
189	-114.4428234	39.52853905	1735.895
190	-114.4509461	39.58493556	1735.104
191	-114.4273393	39.52043992	1736.104
192	-114.4303306	39.52132978	1736.072
193	-114.4011063	39.58032896	1736.126
194	-114.4282194	39.63795601	1735.104
195	-114.387636	39.55114488	1735.802
196	-114.444186	39.57408586	1735.84
197	-114.4382031	39.52401065	1736.027
198	-114.4521058	39.56867619	1735.876
199	-114.4206552	39.52062606	1736.079
200	-114.4100347	39.58556561	1736.264
201	-114.396425	39.53275491	1735.863
202	-114.4559815	39.54760484	1735.781
203	-114.4015686	39.52611984	1736.019
204	-114.4808423	39.5178301	1735.105
205	-114.4373594	39.58245478	1736.115
206	-114.4523588	39.53833215	1735.816
207	-114.3955701	39.53007873	1735.998
208	-114.4073871	39.58159051	1736.064
209	-114.42053	39.58632308	1736.228
210	-114.4355303	39.58247804	1736.087
211	-114.4263479	39.51442314	1736.505
212	-114.4512077	39.57069673	1735.914
213	-114.4091291	39.51815358	1736.337
214	-114.4396105	39.60559764	1735.105
215	-114.4482111	39.52897705	1736.02
216	-114.4449511	39.52385943	1736.186
217	-114.3912483	39.57321049	1736.086
218	-114.385633	39.55007788	1735.889
219	-114.4588058	39.51504924	1735.104
220	-114.3979137	39.60478611	1735.105
221	-114.3981879	39.5787579	1736.12
222	-114.4369503	39.51858166	1736.331
223	-114.4561617	39.53678828	1736
224	-114.3924822	39.57569876	1736.149
225	-114.430218	39.59057653	1736.559
226	-114.4200217	39.51240936	1736.651
227	-114.4562742	39.56283591	1735.878
228	-114.44368	39.58088635	1736.159
229	-114.4126065	39.58688406	1736.318
230	-114.4577694	39.5507113	1735.833
231	-114.4493603	39.5715962	1735.887
232	-114.4230469	39.58872895	1736.39
233	-114.4495555	39.57617131	1736.085
234	-114.4541029	39.5292568	1736.204
235	-114.4555797	39.56084398	1735.814
236	-114.4556388	39.53741911	1735.961
237	-114.4422849	39.58365618	1736.287
238	-114.4564128	39.55678095	1735.796
239	-114.405026	39.58527271	1736.33
240	-114.4415253	39.56061867	1735.105
241	-114.4284998	39.58851469	1736.397
242	-114.3957814	39.50335014	1735.104
243	-114.5017164	39.59431277	1735.104
244	-114.3867933	39.54563281	1735.879
245	-114.4231468	39.58863346	1736.384
246	-114.4178962	39.58752638	1736.318
247	-114.483941	39.56265089	1735.105
248	-114.4397588	39.58535789	1736.338
249	-114.4364376	39.58845333	1736.485
250	-114.4009565	39.52137492	1736.296
251	-114.3849035	39.56403304	1736.048
252	-114.4074095	39.51786025	1736.384
253	-114.4496925	39.5255899	1736.229
254	-114.4226075	39.51452003	1736.488
255	-114.4602189	39.5505707	1735.938
256	-114.4748601	39.62146907	1735.105
257	-114.4989056	39.55764917	1735.105
258	-114.4527472	39.53143428	1736.062
259	-114.4581179	39.54162668	1735.956
260	-114.4303657	39.59028385	1736.539
261	-114.4159783	39.51142141	1736.749
262	-114.3904958	39.57316113	1736.112
263	-114.3938032	39.529264	1736.09
264	-114.3929128	39.57731455	1736.211
265	-114.4605651	39.56370021	1736.075
266	-114.458323	39.53629621	1736.103
267	-114.4973947	39.60699076	1735.105
268	-114.4102273	39.51387097	1736.622
269	-114.4434016	39.50287614	1735.104
270	-114.4623099	39.55279017	1736.029
271	-114.4593905	39.56235237	1735.996
272	-114.3874308	39.53275298	1736.18
273	-114.4530713	39.52552942	1736.347
274	-114.4317556	39.51376745	1736.596
275	-114.4632408	39.53829658	1736.264
276	-114.4471411	39.58438857	1736.457
277	-114.3894708	39.5714708	1736.084
278	-114.4440552	39.58199994	1736.232
279	-114.4003319	39.5153061	1736.712
280	-114.3840985	39.54650448	1735.983
281	-114.457733	39.57010595	1736.136
282	-114.4443115	39.52011659	1736.389
283	-114.3878609	39.53384749	1736.123
284	-114.4692485	39.53871908	1735.105
285	-114.3981069	39.58484788	1736.47
286	-114.4407689	39.51522869	1736.634
287	-114.4653533	39.5496336	1736.182
288	-114.4240737	39.51236442	1736.653
289	-114.3927677	39.52366554	1736.406
290	-114.4376836	39.59195869	1736.764
291	-114.4570577	39.52805673	1736.372
292	-114.4009373	39.6081149	1735.104
293	-114.4507634	39.5818905	1736.42
294	-114.4170895	39.59334758	1736.753
295	-114.4545815	39.57918207	1735.105
296	-114.4191792	39.51287473	1736.618
297	-114.5150167	39.54850713	1735.104
298	-114.4492402	39.52583972	1735.104
299	-114.4543067	39.61039368	1735.105
300	-114.354607	39.57568951	1735.104
301	-114.3937192	39.52054719	1736.556
302	-114.4409367	39.5130281	1736.8
303	-114.4561581	39.57536039	1736.281
304	-114.4597232	39.53090839	1736.357
305	-114.3792815	39.54195794	1736.281
306	-114.4040727	39.5136759	1736.744
307	-114.4098561	39.51244189	1736.736
308	-114.4191922	39.50895999	1736.932
309	-114.4655133	39.55880476	1736.224
310	-114.4679269	39.54920683	1736.316
311	-114.4640664	39.55695978	1736.133
312	-114.4277548	39.59239336	1736.678
313	-114.4668399	39.56077089	1736.319
314	-114.4543311	39.52500997	1736.419
315	-114.3378277	39.55076319	1735.104
316	-114.4641459	39.54023361	1736.258
317	-114.466671	39.54556698	1736.286
318	-114.3837448	39.52601216	1736.637
319	-114.4347156	39.51097802	1736.849
320	-114.4027368	39.55464629	1735.105
321	-114.402297	39.59311528	1736.95
322	-114.3994275	39.51535092	1736.733
323	-114.4378148	39.51147082	1736.859
324	-114.4548139	39.52017191	1736.716
325	-114.4568515	39.57468884	1735.104
326	-114.3838162	39.53615849	1736.216
327	-114.4394048	39.59345147	1736.914
328	-114.3787723	39.5482388	1736.219
329	-114.4499185	39.51775607	1736.702
330	-114.3885586	39.58742727	1735.104
331	-114.4120826	39.50950779	1736.941
332	-114.4088394	39.59720034	1737.163
333	-114.4128434	39.59638769	1737.039
334	-114.4184555	39.59895367	1737.222
335	-114.3853213	39.57783889	1736.529
336	-114.3836605	39.5743055	1736.438
337	-114.3906209	39.58156552	1736.516
338	-114.4340802	39.59867364	1737.267
339	-114.4643395	39.56879126	1736.388
340	-114.4493534	39.58765289	1736.737
341	-114.4572146	39.48031858	1735.105
342	-114.3924356	39.5867735	1736.772
343	-114.4071214	39.50793644	1737.147
344	-114.4660146	39.56493651	1736.363
345	-114.4241605	39.59611847	1736.966
346	-114.3895958	39.59507784	1735.104
347	-114.4424185	39.59252776	1736.905
348	-114.4370951	39.51071314	1736.908
349	-114.3937079	39.51943549	1736.626
350	-114.4659688	39.53700967	1736.433
351	-114.4503902	39.59202351	1735.105
352	-114.4481305	39.51818909	1736.618
353	-114.4656663	39.54986557	1736.197
354	-114.429195	39.59692518	1737.06
355	-114.4492245	39.5897471	1736.88
356	-114.400183	39.50977681	1737.142
357	-114.3804493	39.57043173	1736.438
358	-114.389992	39.52380632	1736.498
359	-114.4218273	39.5062168	1737.164
360	-114.4292843	39.5252257	1735.105
361	-114.499669	39.57626946	1735.105
362	-114.4148634	39.50571614	1737.241
363	-114.4684275	39.5580266	1736.365
364	-114.4199016	39.59665591	1737.013
365	-114.4362939	39.5978177	1737.225
366	-114.4668595	39.54659863	1736.283
367	-114.4549022	39.51771582	1736.879
368	-114.4701769	39.55594102	1736.441
369	-114.3774398	39.55124911	1736.272
370	-114.411855	39.50631476	1737.219
371	-114.4660583	39.56457994	1736.356
372	-114.4479451	39.57829316	1735.104
373	-114.4422768	39.59693059	1737.264
374	-114.4606246	39.52341341	1736.763
375	-114.4077875	39.59497284	1736.991
376	-114.4641058	39.57142009	1736.467
377	-114.4700068	39.54999988	1736.425
378	-114.3848067	39.58056834	1736.693
379	-114.468359	39.53476205	1736.628
380	-114.3771708	39.55224514	1736.285
381	-114.385262	39.58317938	1736.822
382	-114.3885283	39.51434086	1737.163
383	-114.4455576	39.50749486	1737.363
384	-114.4198077	39.60289407	1737.588
385	-114.3820527	39.52636378	1736.696
386	-114.4458819	39.59408465	1737.116
387	-114.4323463	39.50545989	1737.29
388	-114.3770633	39.56499095	1736.446
389	-114.4421455	39.50881687	1737.166
390	-114.3741866	39.55554635	1736.455
391	-114.4417582	39.59479743	1737.072
392	-114.3796367	39.57421398	1736.623
393	-114.4069062	39.60023441	1737.467
394	-114.4265698	39.50948603	1735.104
395	-114.463434	39.58040863	1736.846
396	-114.4035752	39.50888983	1737.136
397	-114.3770291	39.53790621	1736.493
398	-114.4357761	39.50375172	1737.494
399	-114.4497019	39.51214134	1737.102
400	-114.4529058	39.51408117	1737.062
401	-114.3754118	39.53309762	1736.737
402	-114.3961661	39.51192842	1737.082
403	-114.4147527	39.5051857	1737.29
404	-114.42629	39.50196387	1737.57
405	-114.4539723	39.59298023	1737.286
406	-114.3870209	39.58886887	1737.121
407	-114.4078816	39.50549514	1737.35
408	-114.4130615	39.59782979	1737.162
409	-114.3781774	39.57929955	1736.938
410	-114.4263163	39.60289544	1737.593
411	-114.4044882	39.50605196	1737.363
412	-114.3778717	39.52786538	1735.104
413	-114.4763913	39.58040573	1735.105
414	-114.4016876	39.59713928	1737.298
415	-114.4079459	39.59427798	1735.104
416	-114.387967	39.586676	1736.932
417	-114.3790145	39.5716364	1736.552
418	-114.4694894	39.53607563	1736.647
419	-114.4685934	39.57083066	1736.674
420	-114.4690846	39.54097212	1736.493
421	-114.4598123	39.58840712	1737.179
422	-114.4716753	39.56296638	1736.623
423	-114.3968999	39.50914594	1737.285
424	-114.4100726	39.60220921	1737.604
425	-114.3964062	39.59244672	1737.055
426	-114.4041768	39.59387121	1735.104
427	-114.3734467	39.56100236	1736.56
428	-114.3779084	39.56925602	1736.524
429	-114.3299448	39.55012806	1735.104
430	-114.4615723	39.58657047	1737.131
431	-114.4644513	39.51848313	1737.24
432	-114.4465208	39.59889557	1737.545
433	-114.4649429	39.52517034	1736.869
434	-114.3743718	39.53752177	1736.647
435	-114.4227757	39.50113138	1737.643
436	-114.3721431	39.54602029	1736.601
437	-114.4495572	39.46379959	1735.104
438	-114.5091763	39.55014231	1735.104
439	-114.3699326	39.55434462	1736.697
440	-114.3794944	39.52953757	1736.669
441	-114.4100818	39.60298035	1737.679
442	-114.4536977	39.59111582	1737.133
443	-114.4498702	39.50891051	1737.369
444	-114.4216214	39.49800496	1737.964
445	-114.3725214	39.56573124	1736.714
446	-114.39282	39.50970746	1737.368
447	-114.4346388	39.60098436	1737.488
448	-114.4404625	39.50256514	1737.693
449	-114.4687762	39.57908474	1737.046
450	-114.3808051	39.58033354	1736.863
451	-114.4053944	39.60077447	1737.547
452	-114.4026997	39.50422167	1737.569
453	-114.4142542	39.50130672	1737.664
454	-114.4276164	39.48854759	1735.104
455	-114.4286251	39.60214837	1737.535
456	-114.4736655	39.56323684	1736.744
457	-114.39424	39.59637927	1737.443
458	-114.4592388	39.51796933	1737.037
459	-114.4434247	39.50220886	1737.796
460	-114.4172747	39.60296603	1737.606
461	-114.4710009	39.54369536	1735.104
462	-114.4695445	39.56719789	1736.609
463	-114.3788846	39.5236191	1736.995
464	-114.4509651	39.48385458	1735.105
465	-114.3851058	39.59270295	1737.487
466	-114.3802059	39.5848868	1737.159
467	-114.4728384	39.53367837	1736.917
468	-114.4845568	39.51662333	1735.105
469	-114.3740388	39.5744715	1736.929
470	-114.4656213	39.58499027	1737.223
471	-114.4324038	39.495961	1738.241
472	-114.461028	39.59124271	1737.439
473	-114.4721012	39.57241652	1736.928
474	-114.4386528	39.49890887	1738.022
475	-114.3988853	39.50393784	1737.691
476	-114.4197986	39.60354257	1737.652
477	-114.4784914	39.54290097	1735.105
478	-114.4150546	39.49869493	1735.105
479	-114.4281201	39.49830459	1737.951
480	-114.4612688	39.59017847	1737.371
481	-114.370871	39.53642998	1736.882
482	-114.3555299	39.52462652	1735.105
483	-114.3775811	39.52776805	1736.847
484	-114.4580872	39.5181523	1735.105
485	-114.4300244	39.60600234	1737.932
486	-114.4555287	39.59518251	1737.522
487	-114.408762	39.54311336	1735.105
488	-114.4347798	39.56554369	1735.105
489	-114.4063355	39.60402621	1737.844
490	-114.4747338	39.54570412	1736.736
491	-114.4238282	39.49461897	1738.331
492	-114.4478715	39.50344055	1737.797
493	-114.3874852	39.51335959	1737.278
494	-114.4535565	39.50675937	1737.68
495	-114.435246	39.6063657	1738.033
496	-114.3668429	39.5576328	1736.914
497	-114.4178015	39.51830178	1735.105
498	-114.3690061	39.56652201	1736.945
499	-114.4371756	39.60637165	1738.063
500	-114.4066228	39.50180819	1737.719
501	-114.4462285	39.60209789	1737.837
502	-114.4704883	39.58188372	1737.293
503	-114.4000513	39.50151778	1737.892
504	-114.3800799	39.59001612	1737.514
505	-114.4768832	39.55487144	1736.832
506	-114.389816	39.59459771	1737.449
507	-114.393275	39.60081939	1737.873
508	-114.3541937	39.52762135	1735.104
509	-114.454931	39.50957821	1737.489
510	-114.4638241	39.58976024	1737.459
511	-114.4689868	39.51748926	1737.54
512	-114.4816499	39.55422562	1737.143
513	-114.377414	39.58418664	1737.256
514	-114.4697307	39.52103221	1737.353
515	-114.4730133	39.52762082	1735.105
516	-114.3653117	39.53924326	1737.151
517	-114.4511124	39.59993856	1737.781
518	-114.4774478	39.54794969	1736.88
519	-114.480462	39.54033022	1737.199
520	-114.3695905	39.58043779	1737.479
521	-114.4792293	39.5468533	1737.006
522	-114.4230633	39.53073198	1735.104
523	-114.3727979	39.57739385	1737.133
524	-114.3686949	39.55571897	1736.78
525	-114.3992539	39.6040754	1738.009
526	-114.417045	39.61029234	1738.378
527	-114.4354539	39.49444925	1738.449
528	-114.364575	39.56838813	1737.284
529	-114.4687472	39.58314058	1737.271
530	-114.4777397	39.53932417	1737.044
531	-114.377681	39.59273126	1737.841
532	-114.3519273	39.54186267	1735.105
533	-114.4101354	39.60844396	1738.244
534	-114.3693798	39.5282458	1737.289
535	-114.3652232	39.54893741	1737.002
536	-114.4927254	39.61137937	1735.105
537	-114.4566418	39.59869477	1737.87
538	-114.3648483	39.55722524	1737.04
539	-114.4759335	39.57083055	1737.098
540	-114.4086433	39.60791089	1738.209
541	-114.419616	39.61531766	1735.104
542	-114.4490518	39.5008877	1738.081
543	-114.4258141	39.49357405	1738.455
544	-114.3913029	39.60246937	1738.099
545	-114.3837036	39.50852346	1737.827
546	-114.480614	39.61310528	1735.104
547	-114.404432	39.60853792	1738.354
548	-114.3849098	39.59437803	1737.629
549	-114.4259425	39.61246406	1738.618
550	-114.4475817	39.60494874	1738.158
551	-114.481795	39.55718521	1737.172
552	-114.3695564	39.58131924	1737.531
553	-114.4563324	39.60376936	1738.339
554	-114.3787695	39.58626032	1737.319
555	-114.3880216	39.59978022	1737.969
556	-114.3736459	39.58435094	1737.47
557	-114.4044804	39.49806764	1738.141
558	-114.4616985	39.59670766	1737.91
559	-114.430777	39.49652917	1738.162
560	-114.4134238	39.49497178	1738.337
561	-114.4390005	39.4956155	1738.381
562	-114.4546185	39.6005393	1737.961
563	-114.3896792	39.50699383	1737.713
564	-114.4672874	39.5912785	1737.744
565	-114.3678286	39.57394015	1737.276
566	-114.4205414	39.61152183	1738.504
567	-114.3635986	39.54678445	1737.13
568	-114.4689869	39.5132791	1737.841
569	-114.4805036	39.56216814	1737.156
570	-114.381334	39.53097073	1735.104
571	-114.4716725	39.51892037	1737.594
572	-114.4750872	39.5229265	1737.552
573	-114.4691433	39.59303405	1737.978
574	-114.3961751	39.60800498	1738.506
575	-114.4795622	39.57726204	1737.602
576	-114.4117536	39.61210323	1738.634
577	-114.3648386	39.56814699	1737.26
578	-114.4845401	39.54457081	1737.401
579	-114.4121673	39.61252735	1738.678
580	-114.4497062	39.50266299	1737.927
581	-114.4367746	39.49467983	1738.444
582	-114.5032983	39.53479625	1735.104
583	-114.3976681	39.49761914	1738.356
584	-114.4603179	39.50674516	1735.104
585	-114.4283662	39.64380807	1735.104
586	-114.3910701	39.5014351	1738.179
587	-114.4212717	39.49252019	1738.57
588	-114.416069	39.61571587	1735.104
589	-114.3953251	39.57785061	1735.104
590	-114.3790133	39.50925064	1737.988
591	-114.4736954	39.58785385	1737.853
592	-114.4018391	39.61237081	1738.843
593	-114.4691292	39.51299826	1737.87
594	-114.3685483	39.52473266	1737.516
595	-114.4747014	39.525517	1737.387
596	-114.3634152	39.53304744	1737.473
597	-114.4020365	39.49754084	1738.251
598	-114.4160925	39.49054723	1738.824
599	-114.4434036	39.49140934	1738.956
600	-114.48498	39.56142059	1737.455
601	-114.4181461	39.49105105	1738.752
602	-114.4165933	39.53331444	1735.105
603	-114.3984643	39.61207395	1738.895
604	-114.4319917	39.49186765	1738.699
605	-114.4540601	39.50227145	1738.115
606	-114.3487312	39.54905874	1735.105
607	-114.4860573	39.54139395	1737.57
608	-114.4833389	39.55423904	1737.261
609	-114.4142317	39.49379348	1738.461
610	-114.4750384	39.58862558	1737.989
611	-114.3911826	39.60401683	1738.256
612	-114.3926868	39.60736876	1738.551
613	-114.4578823	39.50365168	1735.104
614	-114.4118038	39.61370111	1738.821
615	-114.3640082	39.58622732	1735.104
616	-114.3630106	39.5760215	1737.684
617	-114.431194	39.61314164	1735.104
618	-114.4639627	39.59870278	1738.191
619	-114.4809888	39.57355918	1737.531
620	-114.4354405	39.49183088	1738.749
621	-114.4552465	39.60486661	1738.407
622	-114.3615223	39.5367411	1737.479
623	-114.3942927	39.49293814	1738.977
624	-114.3694372	39.51725078	1737.916
625	-114.3756314	39.59030664	1735.104
626	-114.386562	39.50073362	1738.424
627	-114.417948	39.61326302	1738.716
628	-114.4481114	39.57673054	1735.105
629	-114.3597826	39.53832569	1737.558
630	-114.4491629	39.49090994	1739.175
631	-114.4834296	39.52920153	1737.782
632	-114.3804114	39.50606196	1738.195
633	-114.4879593	39.55210813	1737.596
634	-114.4834907	39.53439851	1737.58
635	-114.3654581	39.5276675	1737.565
636	-114.4552326	39.49746635	1738.647
637	-114.3577845	39.5453645	1737.562
638	-114.4240204	39.48994425	1738.875
639	-114.4650242	39.59929366	1738.297
640	-114.451283	39.49346625	1738.946
641	-114.4792243	39.57111686	1737.319
642	-114.4804363	39.56737481	1737.277
643	-114.4637158	39.50756756	1738.036
644	-114.4031531	39.61244469	1738.821
645	-114.4052888	39.48991768	1739.046
646	-114.4410627	39.61565574	1739.196
647	-114.3625862	39.57317704	1737.591
648	-114.3910879	39.49431585	1738.929
649	-114.4034127	39.48853596	1739.254
650	-114.4736679	39.5920546	1738.158
651	-114.4747972	39.51231487	1738.248
652	-114.3572359	39.53186168	1737.962
653	-114.3584367	39.56601004	1737.648
654	-114.4681639	39.59674576	1738.232
655	-114.4800386	39.57673713	1737.608
656	-114.4838372	39.53678239	1737.527
657	-114.3814758	39.50630927	1735.105
658	-114.3690491	39.58535043	1737.804
659	-114.4875932	39.5585365	1737.605
660	-114.4723537	39.59377895	1738.217
661	-114.4882731	39.54790942	1737.639
662	-114.4870818	39.53992365	1737.679
663	-114.3625326	39.57418288	1737.636
664	-114.3952431	39.57763285	1735.105
665	-114.3923481	39.61217246	1739.097
666	-114.3838734	39.6035433	1738.503
667	-114.485757	39.54168956	1737.541
668	-114.4006252	39.49239102	1735.105
669	-114.3701836	39.58769338	1737.89
670	-114.366452	39.58525469	1737.962
671	-114.4447855	39.61515736	1739.223
672	-114.4626301	39.46790417	1735.105
673	-114.4563139	39.49981824	1738.444
674	-114.463394	39.58468733	1735.104
675	-114.4263158	39.61668266	1739.129
676	-114.4679565	39.50723056	1738.279
677	-114.3827405	39.49601795	1739.084
678	-114.3951326	39.49155591	1739.111
679	-114.3589117	39.54486266	1737.486
680	-114.485107	39.56292027	1737.492
681	-114.4172979	39.61985991	1739.541
682	-114.3603495	39.52679715	1737.959
683	-114.3635794	39.58278682	1738.001
684	-114.4165965	39.61902862	1739.437
685	-114.4306554	39.48571705	1739.443
686	-114.4683765	39.5069738	1738.323
687	-114.3653838	39.51954269	1738.023
688	-114.4830477	39.52734548	1737.842
689	-114.4394075	39.48811177	1739.269
690	-114.4030285	39.61639843	1739.3
691	-114.464906	39.50025275	1738.78
692	-114.4293013	39.61953942	1739.513
693	-114.4418096	39.54472472	1735.105
694	-114.3813465	39.60129053	1735.105
695	-114.4683428	39.59808997	1738.359
696	-114.4243364	39.48484649	1739.518
697	-114.4772555	39.51710054	1738.052
698	-114.4632505	39.60448134	1738.71
699	-114.4018406	39.48890502	1739.245
700	-114.4168368	39.48416742	1735.105
701	-114.4526109	39.49206623	1739.153
702	-114.3921677	39.61175938	1739.056
703	-114.4885114	39.53511587	1737.925
704	-114.3586422	39.53033623	1737.921
705	-114.3791725	39.49990916	1738.845
706	-114.416464	39.48618639	1739.362
707	-114.4441201	39.48970249	1739.178
708	-114.4568831	39.61048933	1739.075
709	-114.3551959	39.55215727	1737.712
710	-114.3717157	39.59569545	1738.41
711	-114.4849998	39.58071865	1738.157
712	-114.478542	39.58780363	1738.152
713	-114.4252049	39.62017595	1739.573
714	-114.4532193	39.61267544	1739.187
715	-114.3733975	39.59389711	1738.165
716	-114.3582708	39.54270781	1737.569
717	-114.4706293	39.59742348	1738.425
718	-114.3575838	39.56669263	1737.73
719	-114.3515989	39.5603332	1738.061
720	-114.4434769	39.54560761	1735.105
721	-114.4304883	39.62005494	1739.59
722	-114.4036344	39.5068409	1735.104
723	-114.3965749	39.61657197	1739.489
724	-114.3624843	39.57665587	1737.75
725	-114.4811592	39.47839088	1735.105
726	-114.3920138	39.49092525	1739.289
727	-114.4352757	39.48304754	1739.851
728	-114.4152313	39.48542964	1739.469
729	-114.4894168	39.5573362	1737.732
730	-114.3568503	39.51161543	1735.105
731	-114.4663869	39.62250948	1735.104
732	-114.4892192	39.56554354	1737.861
733	-114.357089	39.5381645	1737.761
734	-114.4137018	39.46335499	1735.105
735	-114.3848112	39.49464247	1739.143
736	-114.4093707	39.62024529	1739.674
737	-114.4769665	39.51041342	1738.534
738	-114.381633	39.60734826	1738.997
739	-114.4349552	39.48645598	1739.4
740	-114.4513275	39.61587214	1739.506
741	-114.3799488	39.505256	1735.105
742	-114.3789197	39.60478668	1738.863
743	-114.4576714	39.49423774	1739.096
744	-114.4265126	39.48442316	1739.581
745	-114.4857343	39.52127686	1738.364
746	-114.4896965	39.54236127	1737.826
747	-114.3583429	39.52571762	1738.159
748	-114.4711141	39.50231423	1738.904
749	-114.4017772	39.48468097	1739.782
750	-114.423258	39.46351025	1735.105
751	-114.4220072	39.4824271	1739.838
752	-114.4479945	39.61958318	1739.871
753	-114.4893828	39.55927835	1737.752
754	-114.3808993	39.54810735	1735.105
755	-114.467307	39.50185	1738.743
756	-114.344213	39.60683852	1735.105
757	-114.4520456	39.48630976	1739.838
758	-114.475728	39.51009908	1738.482
759	-114.4921937	39.55029055	1737.932
760	-114.4727165	39.59523704	1738.358
761	-114.4053865	39.61812476	1739.468
762	-114.3724502	39.50722105	1738.516
763	-114.4348621	39.62316296	1740.06
764	-114.3936877	39.61272857	1739.116
765	-114.4148371	39.48049071	1740.137
766	-114.4073333	39.48448343	1739.694
767	-114.4114016	39.48215896	1739.943
768	-114.4172042	39.62212659	1739.844
769	-114.4894301	39.53570704	1737.976
770	-114.3918003	39.61249584	1739.154
771	-114.3942493	39.48313603	1740.199
772	-114.4889334	39.53701527	1737.898
773	-114.4792093	39.5910773	1738.431
774	-114.495766	39.56222998	1738.318
775	-114.4829846	39.52381371	1735.105
776	-114.4049342	39.48031223	1740.304
777	-114.4909692	39.57676245	1738.408
778	-114.5064517	39.58154718	1735.105
779	-114.3542368	39.53244539	1738.171
780	-114.3831909	39.61216674	1739.462
781	-114.3944949	39.48798873	1739.563
782	-114.453541	39.48445452	1740.131
783	-114.4882718	39.52204284	1738.508
784	-114.4006874	39.62347812	1740.284
785	-114.3723015	39.60529337	1739.271
786	-114.3538117	39.57942842	1738.532
787	-114.4893534	39.52397751	1738.482
788	-114.3564956	39.58186548	1738.458
789	-114.4387608	39.48184734	1740.073
790	-114.362002	39.58404909	1738.185
791	-114.4944159	39.54560999	1738.154
792	-114.4605115	39.60894796	1739.055
793	-114.3545139	39.56953482	1738.052
794	-114.4449421	39.61718416	1739.479
795	-114.4559611	39.49219014	1739.262
796	-114.4654802	39.49272263	1739.623
797	-114.3696469	39.6243869	1735.104
798	-114.4897752	39.57366493	1738.176
799	-114.4744046	39.47298185	1735.105
800	-114.3593846	39.58729081	1738.581
801	-114.3848651	39.61510076	1739.737
802	-114.4927605	39.54844963	1737.988
803	-114.4694661	39.49504254	1739.569
804	-114.4698143	39.61083387	1739.727
805	-114.4357872	39.62761624	1740.705
806	-114.4834459	39.61938828	1735.105
807	-114.4395586	39.62277297	1740.087
808	-114.4488722	39.4914722	1735.104
809	-114.4916357	39.53009459	1738.362
810	-114.3697088	39.60081212	1738.985
811	-114.4928132	39.55956423	1738.028
812	-114.471984	39.49880648	1739.306
813	-114.4748668	39.47984372	1735.104
814	-114.4831037	39.59454178	1738.968
815	-114.4787922	39.50845991	1738.813
816	-114.4837204	39.59201078	1738.81
817	-114.3920696	39.48222999	1735.105
818	-114.3512601	39.56930318	1738.306
819	-114.4125597	39.62267809	1739.959
820	-114.4536946	39.48812605	1739.666
821	-114.3692495	39.50211099	1739.179
822	-114.3765608	39.4950964	1739.49
823	-114.3490372	39.55759797	1738.24
824	-114.4841607	39.51656693	1738.555
825	-114.3826084	39.56594258	1735.104
826	-114.4083428	39.64242626	1735.105
827	-114.3483934	39.56311472	1738.38
828	-114.3786345	39.6073151	1735.105
829	-114.4253394	39.62831868	1740.708
830	-114.4583118	39.61827497	1740.069
831	-114.3556871	39.52980465	1738.166
832	-114.4194542	39.47726804	1740.568
833	-114.3472927	39.54114711	1738.483
834	-114.4966183	39.53898447	1738.469
835	-114.4605594	39.61513837	1739.774
836	-114.4607519	39.48965561	1739.764
837	-114.3894352	39.62183669	1740.414
838	-114.357684	39.58576515	1738.605
839	-114.395857	39.4863762	1739.724
840	-114.4829463	39.50439618	1739.457
841	-114.3695676	39.60782324	1739.7
842	-114.3723783	39.59025374	1735.104
843	-114.3856971	39.48672719	1740.051
844	-114.4314133	39.50997441	1735.105
845	-114.395549	39.62164632	1740.178
846	-114.4305056	39.47933988	1740.305
847	-114.4782132	39.59612059	1738.769
848	-114.4275909	39.62611414	1740.4
849	-114.4348648	39.4788792	1740.422
850	-114.4519794	39.48118898	1740.516
851	-114.4098134	39.48839036	1735.104
852	-114.4600423	39.48631603	1740.149
853	-114.4108597	39.62912958	1740.899
854	-114.4483312	39.62042699	1735.104
855	-114.4933035	39.51922466	1739.08
856	-114.4077524	39.47832869	1740.533
857	-114.4776614	39.60199842	1739.267
858	-114.3873575	39.51733294	1735.104
859	-114.4894624	39.51418492	1739.121
860	-114.4032561	39.62374252	1740.26
861	-114.4927132	39.56988154	1738.269
862	-114.4676449	39.61025872	1739.545
863	-114.4955085	39.56438644	1738.343
864	-114.4695552	39.49609994	1739.458
865	-114.3586874	39.50806618	1739.347
866	-114.3967376	39.49469803	1735.105
867	-114.4432073	39.4783228	1740.662
868	-114.4359313	39.62426386	1740.229
869	-114.354402	39.61035062	1735.104
870	-114.3474135	39.55135865	1738.353
871	-114.3534484	39.58307926	1738.766
872	-114.4792677	39.50103914	1739.529
873	-114.4610828	39.58329796	1735.104
874	-114.3992897	39.47928572	1740.581
875	-114.3635063	39.59818726	1739.145
876	-114.5000296	39.55002138	1738.602
877	-114.4252943	39.62811059	1740.678
878	-114.4344625	39.62860667	1740.83
879	-114.348902	39.57036588	1738.539
880	-114.3949308	39.50227173	1735.104
881	-114.346913	39.55946209	1738.444
882	-114.4610068	39.61967403	1740.366
883	-114.4147799	39.47505161	1740.923
884	-114.5056683	39.58228535	1735.105
885	-114.4428822	39.48132598	1740.233
886	-114.3899893	39.62162474	1740.365
887	-114.3591794	39.53524611	1735.105
888	-114.3501086	39.57417382	1738.584
889	-114.3847994	39.6169309	1739.966
890	-114.3967665	39.62345029	1740.387
891	-114.4968253	39.55781567	1738.343
892	-114.4616816	39.6161809	1739.953
893	-114.4561641	39.57639872	1735.105
894	-114.3464341	39.57450885	1738.913
895	-114.4667048	39.48851478	1740.189
896	-114.4278936	39.4751775	1740.889
897	-114.3879584	39.48316005	1740.423
898	-114.37947	39.48760281	1740.227
899	-114.4837919	39.50633528	1739.34
900	-114.3696444	39.49602714	1739.782
901	-114.4956934	39.56345079	1738.337
902	-114.4781166	39.55232149	1735.105
903	-114.4487756	39.62401804	1740.492
904	-114.4778902	39.60237708	1739.318
905	-114.473669	39.49323561	1740.013
906	-114.3584064	39.5127405	1738.987
907	-114.471061	39.61410516	1740.177
908	-114.4904225	39.51705329	1738.992
909	-114.4100305	39.61014178	1735.105
910	-114.3460576	39.54842239	1738.485
911	-114.4108815	39.63170765	1741.29
912	-114.4061165	39.62579803	1740.49
913	-114.4775939	39.49548653	1740.002
914	-114.4629865	39.63468736	1735.105
915	-114.415506	39.47426239	1741.036
916	-114.3726885	39.58584006	1735.104
917	-114.49988	39.5529247	1738.583
918	-114.4158303	39.50368353	1735.105
919	-114.4320037	39.47432334	1741.053
920	-114.3804554	39.46834366	1735.105
921	-114.493829	39.58762387	1739.268
922	-114.4077308	39.62999451	1741.076
923	-114.4669899	39.53159353	1735.105
924	-114.3543466	39.59429529	1739.485
925	-114.3449452	39.55620643	1738.583
926	-114.4386631	39.47742336	1740.694
927	-114.4968611	39.53458056	1738.623
928	-114.4384401	39.62678348	1740.629
929	-114.4189678	39.63091078	1741.098
930	-114.4958027	39.58007991	1738.973
931	-114.5028443	39.53887179	1739.03
932	-114.4695971	39.63109978	1735.105
933	-114.4022614	39.47623188	1740.947
934	-114.4706992	39.58131051	1735.105
935	-114.4448805	39.62650468	1740.733
936	-114.4613635	39.48177465	1740.809
937	-114.3467117	39.54136279	1738.53
938	-114.3922418	39.47949013	1740.769
939	-114.3953929	39.62747518	1740.999
940	-114.4292076	39.63038697	1741.039
941	-114.4544967	39.47624648	1741.312
942	-114.4153836	39.63284	1741.417
943	-114.3422268	39.56125923	1738.894
944	-114.3670671	39.60957393	1740.048
945	-114.4771157	39.61376007	1740.499
946	-114.4195954	39.46885555	1741.859
947	-114.4478266	39.51133804	1735.105
948	-114.4857223	39.60036567	1739.665
949	-114.3645941	39.49738771	1739.959
950	-114.4959864	39.58290186	1739.148
951	-114.346631	39.5844694	1739.421
952	-114.4633765	39.6226831	1740.877
953	-114.4233755	39.63258698	1741.35
954	-114.4692216	39.48896999	1740.266
955	-114.3570806	39.59925313	1739.701
956	-114.3480579	39.57742894	1738.907
957	-114.4048378	39.47383793	1741.251
958	-114.4500917	39.63062992	1741.494
959	-114.4944009	39.51919097	1739.174
960	-114.3790418	39.48555746	1740.509
961	-114.3835984	39.48603588	1740.23
962	-114.4433348	39.60509552	1735.105
963	-114.4969224	39.52142677	1739.249
964	-114.3985718	39.47545126	1741.157
965	-114.3535358	39.59193382	1739.363
966	-114.4686925	39.61676076	1740.371
967	-114.468865	39.61828463	1740.574
968	-114.3602462	39.54830162	1735.104
969	-114.4654895	39.48192195	1740.985
970	-114.4340182	39.63552758	1741.894
971	-114.3412624	39.55346066	1738.908
972	-114.3432317	39.56741529	1738.944
973	-114.3633307	39.59704789	1735.105
974	-114.4476667	39.47578249	1741.152
975	-114.3738534	39.48350976	1741.053
976	-114.3714846	39.48934182	1740.444
977	-114.4934176	39.5864606	1739.156
978	-114.4830927	39.49775053	1740.127
979	-114.4224894	39.63413798	1741.593
980	-114.4737707	39.54531266	1735.104
981	-114.4783192	39.6101778	1740.161
982	-114.4916814	39.50783462	1739.806
983	-114.4241528	39.47012818	1741.652
984	-114.3461522	39.58197136	1739.313
985	-114.4586362	39.62716371	1735.104
986	-114.3396999	39.55860722	1739.093
987	-114.4464651	39.6293986	1741.2
988	-114.4308294	39.47341683	1741.179
989	-114.4858002	39.50582033	1739.531
990	-114.3998813	39.4739587	1741.346
991	-114.5044563	39.54289062	1739.092
992	-114.3471218	39.5906509	1739.8
993	-114.4460404	39.47395589	1741.381
994	-114.407876	39.63238116	1741.438
995	-114.3878925	39.47590504	1741.449
996	-114.4404414	39.47325893	1741.352
997	-114.4113407	39.47152274	1741.5
998	-114.3682362	39.49254854	1740.261
999	-114.3797986	39.48433466	1740.631
1000	-114.5012822	39.54232167	1738.807
1001	-114.4408425	39.62877876	1740.969
1002	-114.4943247	39.60985392	1735.104
1003	-114.4597359	39.47940267	1741.066
1004	-114.5041811	39.55198668	1738.98
1005	-114.4511846	39.47543735	1741.314
1006	-114.3576661	39.5993564	1739.667
1007	-114.4185863	39.47058802	1741.586
1008	-114.4871889	39.50218356	1739.975
1009	-114.4096772	39.50049796	1735.105
1010	-114.485469	39.49831196	1740.238
1011	-114.4972439	39.51605081	1739.627
1012	-114.4760966	39.6270219	1735.104
1013	-114.3886047	39.55163687	1735.105
1014	-114.4682268	39.48685787	1740.476
1015	-114.4867912	39.60562127	1740.26
1016	-114.3599641	39.49675928	1735.104
1017	-114.383274	39.47989183	1741.072
1018	-114.4564914	39.6271785	1741.211
1019	-114.4404998	39.63311513	1741.623
1020	-114.49852	39.58400629	1739.433
1021	-114.3780712	39.57993453	1735.104
1022	-114.4816023	39.49447615	1740.38
1023	-114.4449513	39.46652592	1735.104
1024	-114.493231	39.58807557	1739.25
1025	-114.4588302	39.62680198	1741.251
1026	-114.4566135	39.50963459	1735.105
1027	-114.4932802	39.59302959	1739.621
1028	-114.4399812	39.47318295	1741.354
1029	-114.453033	39.61801286	1735.105
1030	-114.4662678	39.57151568	1735.104
1031	-114.4766216	39.49346868	1740.167
1032	-114.4023635	39.51946183	1735.105
1033	-114.3437492	39.58082177	1739.463
1034	-114.3406336	39.55642517	1738.983
1035	-114.3393061	39.54935497	1739.101
1036	-114.4334405	39.63332646	1741.536
1037	-114.474669	39.48620496	1740.926
1038	-114.4565475	39.47770212	1741.178
1039	-114.4958648	39.51339076	1739.702
1040	-114.3558175	39.60021656	1739.886
1041	-114.4264027	39.63515276	1741.765
1042	-114.3510465	39.59832307	1740.094
1043	-114.445032	39.47077646	1741.846
1044	-114.3482304	39.5886601	1739.56
1045	-114.4027034	39.47215682	1741.554
1046	-114.4311048	39.46785141	1742.063
1047	-114.44805	39.63160508	1741.579
1048	-114.4368682	39.64260169	1735.105
1049	-114.4766733	39.6126099	1740.334
1050	-114.4327156	39.6375718	1742.212
1051	-114.4631635	39.62647623	1741.399
1052	-114.3392174	39.55912025	1739.146
1053	-114.3813774	39.48021674	1741.114
1054	-114.3636682	39.61221299	1740.572
1055	-114.5066813	39.54731173	1739.244
1056	-114.3681204	39.61734308	1740.902
1057	-114.4068085	39.47059077	1741.717
1058	-114.4226083	39.46697259	1742.163
1059	-114.4125322	39.63671383	1742.064
1060	-114.4646775	39.62473045	1741.223
1061	-114.3410249	39.57265871	1739.329
1062	-114.4674839	39.48249005	1741.01
1063	-114.4983533	39.51551043	1739.762
1064	-114.4579263	39.47610137	1741.468
1065	-114.4011776	39.63610033	1742.167
1066	-114.4798872	39.61558096	1740.899
1067	-114.5003055	39.52231996	1739.494
1068	-114.3941852	39.47362568	1741.564
1069	-114.494562	39.51101029	1739.778
1070	-114.334987	39.59197043	1735.105
1071	-114.4732118	39.48396683	1741.13
1072	-114.486523	39.6072581	1740.412
1073	-114.4852121	39.61288026	1740.945
1074	-114.4866698	39.49549267	1740.629
1075	-114.4543617	39.6279089	1741.236
1076	-114.4130698	39.46899061	1741.883
1077	-114.4272985	39.47000098	1741.685
1078	-114.5072648	39.54728522	1739.302
1079	-114.3467509	39.59276681	1739.994
1080	-114.5066517	39.5435451	1739.292
1081	-114.4873692	39.60610103	1740.353
1082	-114.4349015	39.60608758	1735.105
1083	-114.4748032	39.61847531	1740.938
1084	-114.4469753	39.64057518	1735.105
1085	-114.4468011	39.47041471	1741.952
1086	-114.4415383	39.46832217	1742.155
1087	-114.4651272	39.47910802	1741.359
1088	-114.3374433	39.5502031	1739.277
1089	-114.3725651	39.4851419	1740.911
1090	-114.4851725	39.49804791	1740.244
1091	-114.3617038	39.61233119	1740.72
1092	-114.5035304	39.54001848	1739.065
1093	-114.4808567	39.48746768	1741.163
1094	-114.354838	39.60417062	1740.344
1095	-114.4245711	39.63971076	1742.51
1096	-114.4716864	39.55684477	1735.105
1097	-114.4193365	39.63815498	1742.251
1098	-114.4007384	39.47149618	1741.704
1099	-114.3995958	39.63073642	1735.104
1100	-114.4112458	39.63702744	1742.13
1101	-114.4844216	39.49335605	1740.705
1102	-114.4065922	39.60607632	1735.104
1103	-114.3417384	39.57132363	1739.212
1104	-114.4185641	39.46676669	1742.206
1105	-114.3871559	39.47437492	1741.709
1106	-114.500377	39.58822548	1739.876
1107	-114.4767113	39.57060598	1735.104
1108	-114.3440289	39.58293451	1739.558
1109	-114.4215494	39.49874365	1735.104
1110	-114.4746422	39.48715971	1740.802
1111	-114.3543932	39.60498096	1735.105
1112	-114.4826881	39.55512531	1735.105
1113	-114.4556781	39.63275693	1742.019
1114	-114.3401369	39.57829955	1739.666
1115	-114.4699551	39.62415467	1741.417
1116	-114.454787	39.47414512	1741.637
1117	-114.4988868	39.51240093	1740.041
1118	-114.497703	39.59234467	1739.942
1119	-114.4250897	39.63823293	1742.263
1120	-114.4943548	39.59473221	1739.847
1121	-114.3695695	39.61329816	1735.105
1122	-114.436892	39.4665803	1742.35
1123	-114.4502496	39.63592792	1742.33
1124	-114.3293711	39.58259089	1735.104
1125	-114.3790345	39.47655626	1741.753
1126	-114.3635507	39.48409965	1735.105
1127	-114.4725143	39.6214971	1741.198
1128	-114.5020928	39.58505942	1739.822
1129	-114.3749122	39.48017288	1741.45
1130	-114.4352788	39.63774535	1742.275
1131	-114.4117506	39.46494023	1742.568
1132	-114.4934601	39.50514965	1740.188
1133	-114.4374336	39.62029625	1735.105
1134	-114.4004638	39.46936912	1742.049
1135	-114.347242	39.59191318	1739.884
1136	-114.4273986	39.46588907	1742.358
1137	-114.433667	39.46581518	1742.43
1138	-114.3714462	39.48089453	1741.548
1139	-114.4628666	39.57798745	1735.105
1140	-114.3355123	39.55767044	1739.493
1141	-114.4667298	39.47766613	1741.646
1142	-114.5068645	39.54130754	1739.356
1143	-114.4452274	39.46776678	1742.335
1144	-114.3962062	39.48779277	1735.105
1145	-114.4227647	39.46529128	1742.444
1146	-114.3657896	39.61823796	1741.164
1147	-114.3963172	39.46866043	1742.278
1148	-114.4030918	39.64180514	1735.105
1149	-114.4199646	39.62471035	1735.105
1150	-114.3419148	39.58056562	1739.618
1151	-114.3361946	39.56321824	1739.512
1152	-114.4048527	39.63731111	1742.283
1153	-114.3852464	39.50833644	1735.104
1154	-114.3380965	39.57221597	1739.592
1155	-114.4301844	39.63850069	1742.34
1156	-114.4841001	39.49185004	1740.856
1157	-114.4090282	39.46703771	1742.254
1158	-114.4301383	39.46395242	1742.707
1159	-114.3950871	39.59672174	1735.105
1160	-114.3542337	39.6050659	1740.483
1161	-114.3406639	39.57806128	1739.604
1162	-114.4421872	39.63662097	1742.221
1163	-114.5008919	39.58967949	1740.026
1164	-114.4794434	39.48539241	1741.333
1165	-114.4694085	39.6250921	1741.518
1166	-114.4607141	39.47626524	1741.562
1167	-114.4281067	39.58551242	1735.105
1168	-114.4277792	39.63987936	1742.554
1169	-114.4462369	39.60015106	1735.105
1170	-114.4936481	39.50528678	1740.192
1171	-114.4484894	39.49440115	1735.105
1172	-114.4885784	39.6086654	1740.719
1173	-114.4454463	39.63512215	1742.059
1174	-114.3723666	39.54058698	1735.105
1175	-114.4586283	39.47286039	1741.986
1176	-114.4473474	39.59414465	1735.105
1177	-114.38555	39.50909901	1735.104
1178	-114.4577664	39.63218683	1742.013
1179	-114.47678	39.6212519	1741.423
1180	-114.3710605	39.54936581	1735.104
1181	-114.483785	39.61148343	1740.68
1182	-114.3484844	39.60023932	1740.483
1183	-114.3699762	39.62443813	1741.73
1184	-114.4908521	39.60515747	1740.524
1185	-114.3399485	39.58463704	1740.041
1186	-114.4526519	39.63359443	1742.038
1187	-114.4985179	39.53775481	1735.105
1188	-114.3442041	39.59258952	1740.206
1189	-114.434957	39.63778868	1742.277
1190	-114.4025739	39.46568147	1742.604
1191	-114.4182476	39.64013388	1742.589
1192	-114.5022927	39.58653046	1739.936
1193	-114.3620952	39.51940457	1735.105
1194	-114.3647485	39.51948412	1735.104
1195	-114.3713639	39.52293051	1735.105
1196	-114.4240501	39.53271439	1735.104
1197	-114.4715691	39.50690238	1735.105
1198	-114.4612362	39.51858555	1735.104
1199	-114.3692751	39.49750311	1735.105
1200	-114.3459753	39.54161974	1735.104
1201	-114.501362	39.58420638	1735.105
1202	-114.3663863	39.52015702	1735.104
1203	-114.3570888	39.53013323	1735.104
1204	-114.353998	39.53546349	1735.105
1205	-114.3631121	39.52900858	1735.104
1206	-114.3392208	39.55790807	1735.105
1207	-114.3506321	39.5352121	1735.105
1208	-114.348036	39.54357315	1735.105
1209	-114.3444604	39.54513788	1735.105
1210	-114.354638	39.52752765	1735.104
1211	-114.3644389	39.5050114	1735.105
1212	-114.3544109	39.52846018	1735.104
1213	-114.5037541	39.5808282	1735.104
1214	-114.3330998	39.57455806	1735.105
1215	-114.3314266	39.5505301	1735.105
1216	-114.3882389	39.5417123	1735.104
1217	-114.3297305	39.55209776	1735.105
1218	-114.4982057	39.59954715	1735.105
1219	-114.3668095	39.5100364	1735.105
1220	-114.3849211	39.5403309	1735.105
1221	-114.3863151	39.54201525	1735.105
1222	-114.4065418	39.53847878	1735.105
1223	-114.3496719	39.54159833	1735.105
1224	-114.3600893	39.52372902	1735.105
1225	-114.359093	39.51213431	1735.105
1226	-114.3594792	39.51901147	1735.104
1227	-114.3460123	39.54445199	1735.104
1228	-114.4975946	39.60775949	1735.105
1229	-114.4916885	39.61370231	1735.104
1230	-114.4944998	39.60802094	1735.105
1231	-114.4917947	39.6045379	1735.104
1232	-114.3321617	39.58848229	1735.105
1233	-114.3617137	39.52619831	1735.104
1234	-114.499029	39.59379788	1735.105
1235	-114.3682118	39.53987944	1735.104
1236	-114.5030492	39.58864829	1735.104
1237	-114.3661465	39.51088997	1735.105
1238	-114.5056626	39.51470872	1735.105
1239	-114.353303	39.52884298	1735.105
1240	-114.5006515	39.58254848	1735.105
1241	-114.5116448	39.54634964	1735.104
1242	-114.5012011	39.59644827	1735.105
1243	-114.3542411	39.52825213	1735.105
1244	-114.3583213	39.51200754	1735.105
1245	-114.400212	39.63657071	1735.104
1246	-114.3990601	39.56013659	1735.105
1247	-114.3250789	39.55329535	1735.105
1248	-114.5148342	39.54709701	1735.105
1249	-114.5065704	39.54778969	1735.105
1250	-114.5135988	39.54458426	1735.105
1251	-114.4992023	39.57920637	1735.105
1252	-114.5027536	39.58507298	1735.105
1253	-114.5041692	39.58062745	1735.104
1254	-114.3540333	39.61210584	1735.104
1255	-114.3649539	39.52745135	1735.105
1256	-114.4063432	39.56244217	1735.105
1257	-114.3975988	39.55076852	1735.104
1258	-114.5069937	39.54948447	1735.105
1259	-114.3711549	39.62142723	1735.105
1260	-114.3575517	39.52196494	1735.105
1261	-114.3988431	39.55352812	1735.105
1262	-114.3279018	39.56712871	1735.104
1263	-114.5149229	39.54856319	1735.104
1264	-114.373672	39.5217315	1735.105
1265	-114.3641197	39.61734191	1735.105
1266	-114.5020426	39.5119346	1735.105
1267	-114.3829516	39.55841782	1735.105
1268	-114.5039391	39.58041354	1735.104
1269	-114.3473937	39.61003044	1735.105
1270	-114.4114682	39.56122645	1735.105
1271	-114.507217	39.54125435	1735.105
1272	-114.4919902	39.52970527	1735.105
1273	-114.3830649	39.46742105	1735.104
1274	-114.4001328	39.64207237	1735.105
1275	-114.3608616	39.50823134	1735.105
1276	-114.367014	39.4875288	1735.104
1277	-114.3378848	39.59882558	1735.105
1278	-114.3315443	39.55116998	1735.105
1279	-114.3578216	39.5024797	1735.105
1280	-114.3650396	39.4842432	1735.104
1281	-114.3606174	39.49604325	1735.105
1282	-114.3667074	39.62237543	1735.104
1283	-114.3948518	39.56722044	1735.105
1284	-114.3589894	39.50243173	1735.105
1285	-114.3659545	39.6147768	1735.105
1286	-114.3889876	39.55186235	1735.105
1287	-114.3967102	39.63850767	1735.105
1288	-114.4018627	39.5652481	1735.105
1289	-114.3453638	39.54425743	1735.105
1290	-114.3673892	39.50185207	1735.105
1291	-114.3870855	39.46490552	1735.104
1292	-114.3260664	39.56863578	1735.104
1293	-114.5091902	39.54796669	1735.105
1294	-114.3993624	39.6418897	1735.105
1295	-114.4658869	39.63247425	1735.105
1296	-114.4980347	39.59925973	1735.105
1297	-114.34522	39.60487134	1735.104
1298	-114.3710592	39.62151412	1735.105
1299	-114.3898281	39.55428306	1735.105
1300	-114.5003526	39.55600171	1735.104
1301	-114.3845716	39.46675014	1735.104
1302	-114.4139464	39.5596225	1735.104
1303	-114.3656198	39.48349404	1735.105
1304	-114.3955354	39.55359452	1735.105
1305	-114.5009277	39.59897283	1735.105
1306	-114.3625897	39.61876755	1735.105
1307	-114.4003606	39.6413974	1735.105
1308	-114.4070716	39.56165133	1735.104
1309	-114.3949932	39.54845347	1735.105
1310	-114.3268552	39.55398435	1735.104
1311	-114.4944998	39.61143153	1735.104
1312	-114.482303	39.48517761	1735.105
1313	-114.4972762	39.57291134	1735.105
1314	-114.4945309	39.56849506	1735.105
1315	-114.5086453	39.54456197	1735.105
1316	-114.3756598	39.54940704	1735.105
1317	-114.3788619	39.5334324	1735.105
1318	-114.3705702	39.62165799	1735.104
1319	-114.387418	39.55140262	1735.105
1320	-114.4427431	39.46342044	1735.105
1321	-114.4060442	39.46595901	1735.105
1322	-114.3985082	39.63972016	1735.104
1323	-114.3585564	39.50231198	1735.104
1324	-114.4682628	39.53632064	1735.104
1325	-114.3579272	39.51212539	1735.105
1326	-114.4176808	39.56993714	1735.105
1327	-114.4246797	39.54781468	1735.105
1328	-114.4910335	39.61369523	1735.105
1329	-114.3689468	39.53827127	1735.104
1330	-114.3886062	39.55099637	1735.104
1331	-114.4214192	39.56028635	1735.104
1332	-114.3433336	39.60511051	1735.105
1333	-114.3942324	39.55404202	1735.105
1334	-114.4988526	39.52245606	1735.104
1335	-114.397522	39.6374587	1735.105
1336	-114.3582116	39.5207507	1735.104
1337	-114.3512935	39.53544749	1735.104
1338	-114.3809236	39.54195027	1735.104
1339	-114.3998195	39.64201902	1735.104
1340	-114.4399134	39.64170512	1735.104
1341	-114.4960872	39.55882808	1735.105
1342	-114.5078549	39.51515511	1735.105
1343	-114.3241089	39.55649144	1735.105
1344	-114.3625997	39.49534726	1735.104
1345	-114.3820421	39.6115238	1735.105
1346	-114.3405924	39.5999204	1735.105
1347	-114.3512569	39.53491132	1735.105
1348	-114.3495014	39.60825638	1735.104
1349	-114.4942008	39.55808367	1735.104
1350	-114.3568854	39.51196897	1735.104
1351	-114.3289019	39.54958253	1735.104
1352	-114.403688	39.55184832	1735.104
1353	-114.418319	39.55268269	1735.104
1354	-114.433501	39.56017488	1735.105
1355	-114.4717835	39.47215013	1735.105
1356	-114.363226	39.61856052	1735.105
1357	-114.3578196	39.50201141	1735.105
1358	-114.4089652	39.64347115	1735.105
1359	-114.5018821	39.59939594	1735.105
1360	-114.3678675	39.54432195	1735.104
1361	-114.4155294	39.56300766	1735.105
1362	-114.5048196	39.53921489	1735.104
1363	-114.5054852	39.58181764	1735.104
1364	-114.4408643	39.56060149	1735.105
1365	-114.3985055	39.52003484	1735.104
1366	-114.3974017	39.57746386	1735.105
1367	-114.407019	39.56957563	1735.104
1368	-114.4768094	39.47742172	1735.104
1369	-114.4639157	39.46781028	1735.105
1370	-114.399002	39.52438972	1735.104
1371	-114.4929534	39.56845946	1735.104
1372	-114.3571133	39.50255458	1735.105
1373	-114.4781568	39.62526193	1735.105
1374	-114.4251662	39.51620952	1735.105
1375	-114.4941028	39.4978758	1735.105
1376	-114.3880044	39.46635471	1735.104
1377	-114.3720913	39.61836907	1735.105
1378	-114.4188118	39.57882392	1735.104
1379	-114.3707684	39.62304829	1735.105
1380	-114.3781682	39.55951429	1735.104
1381	-114.4955031	39.56369769	1735.105
1382	-114.4819518	39.48149644	1735.105
1383	-114.3922567	39.56978303	1735.104
1384	-114.4929676	39.56318682	1735.105
1385	-114.3682992	39.49281203	1735.105
1386	-114.3919057	39.63488009	1735.105
1387	-114.4296403	39.53181983	1735.104
1388	-114.4183741	39.54750114	1735.105
1389	-114.4005783	39.55561763	1735.105
1390	-114.4543959	39.63732639	1735.104
1391	-114.4993674	39.60478669	1735.105
1392	-114.4841989	39.54026896	1735.105
1393	-114.4618039	39.62757901	1735.104
1394	-114.3904203	39.63413414	1735.105
1395	-114.4006523	39.57251067	1735.104
1396	-114.4020867	39.52873847	1735.105
1397	-114.4953912	39.52626953	1735.104
1398	-114.3727023	39.54587626	1735.104
1399	-114.5050914	39.51487942	1735.104
1400	-114.5035956	39.58818845	1735.105
1401	-114.421875	39.55405373	1735.105
1402	-114.3715621	39.61636283	1735.105
1403	-114.4097717	39.6430064	1735.105
1404	-114.4919975	39.53024544	1735.104
1405	-114.4952781	39.55691614	1735.104
1406	-114.3923916	39.62151287	1735.105
1407	-114.3779021	39.53944031	1735.104
1408	-114.440434	39.57153885	1735.105
1409	-114.404752	39.64006474	1735.104
1410	-114.3647349	39.48435818	1735.105
1411	-114.4259879	39.52627943	1735.105
1412	-114.3870407	39.56114938	1735.104
1413	-114.3926369	39.5883119	1735.105
1414	-114.3599199	39.51765608	1735.105
1415	-114.470158	39.4714674	1735.104
1416	-114.4314893	39.54667133	1735.105
1417	-114.3730917	39.60794638	1735.104
1418	-114.369601	39.55524214	1735.104
1419	-114.4030271	39.52877896	1735.105
1420	-114.3865101	39.46492358	1735.104
1421	-114.3764229	39.51990604	1735.104
1422	-114.3990965	39.58591056	1735.105
1423	-114.4427046	39.56277724	1735.104
1424	-114.4121363	39.48847803	1735.105
1425	-114.3847324	39.50585643	1735.105
1426	-114.5023392	39.58024722	1735.104
1427	-114.3862949	39.56905112	1735.105
1428	-114.3602999	39.60195296	1735.105
1429	-114.3742052	39.60655528	1735.105
1430	-114.3831585	39.6183244	1735.104
1431	-114.501277	39.59978251	1735.104
1432	-114.4355851	39.55242974	1735.104
1433	-114.3943051	39.59378954	1735.104
1434	-114.485043	39.61847798	1735.105
1435	-114.5142194	39.54522796	1735.104
1436	-114.4749571	39.47442402	1735.105
1437	-114.4958677	39.57339752	1735.105
1438	-114.4668538	39.55375128	1735.104
1439	-114.3479568	39.54075174	1735.104
1440	-114.3687955	39.48851724	1735.105
1441	-114.4509108	39.63926865	1735.104
1442	-114.421296	39.64294454	1735.105
1443	-114.4215247	39.54931557	1735.104
1444	-114.3250893	39.55730968	1735.104
1445	-114.4090133	39.52342791	1735.105
1446	-114.4909259	39.49396349	1735.105
1447	-114.3543723	39.6123425	1735.105
1448	-114.3852381	39.53269033	1735.104
1449	-114.4107523	39.57490955	1735.105
1450	-114.3830889	39.46634761	1735.105
1451	-114.4132826	39.5919364	1735.105
1452	-114.5060755	39.58172972	1735.104
1453	-114.4632608	39.52221642	1735.104
1454	-114.4995879	39.60159422	1735.105
1455	-114.3610457	39.49593209	1735.105
1456	-114.4998813	39.51399421	1735.104
1457	-114.4295949	39.54099737	1735.105
1458	-114.4098659	39.59115023	1735.105
1459	-114.4896252	39.56225924	1735.104
1460	-114.3972307	39.5817136	1735.105
1461	-114.400492	39.52195253	1735.105
1462	-114.4549743	39.46460594	1735.105
1463	-114.4653767	39.55651322	1735.105
1464	-114.4415634	39.60760933	1735.104
1465	-114.4180202	39.64243051	1735.104
1466	-114.4144704	39.50180661	1735.105
1467	-114.3300675	39.57914144	1735.105
1468	-114.4608441	39.5654955	1735.104
1469	-114.4984395	39.60154727	1735.105
1470	-114.3293053	39.55038009	1735.105
1471	-114.3585645	39.50786414	1735.105
1472	-114.374977	39.51271108	1735.105
1473	-114.4269512	39.57211492	1735.105
1474	-114.3807733	39.56528413	1735.105
1475	-114.5137431	39.54849984	1735.104
1476	-114.3686074	39.48129962	1735.104
1477	-114.4546658	39.57370618	1735.105
1478	-114.426805	39.57497577	1735.105
1479	-114.4751159	39.47791378	1735.105
1480	-114.3342247	39.59218619	1735.105
1481	-114.3540297	39.52745016	1735.104
1482	-114.4470707	39.63950452	1735.105
1483	-114.4069554	39.54975666	1735.105
1484	-114.3920135	39.62507057	1735.105
1485	-114.4527162	39.52300544	1735.105
1486	-114.4677639	39.57528743	1735.105
1487	-114.3697215	39.55606009	1735.104
1488	-114.412458	39.52816975	1735.105
1489	-114.3994678	39.59631206	1735.105
1490	-114.47689	39.52768375	1735.105
1491	-114.3454375	39.54338409	1735.104
1492	-114.4190372	39.55357278	1735.105
1493	-114.3967918	39.63864513	1735.104
1494	-114.4631194	39.46764571	1735.105
1495	-114.4581308	39.6363986	1735.104
1496	-114.4443244	39.55344728	1735.105
1497	-114.4468687	39.58385556	1735.104
1498	-114.4928533	39.57087076	1735.105
1499	-114.468064	39.53686554	1735.105
1500	-114.4390288	39.64093155	1735.105
1501	-114.4264811	39.64256658	1735.104
1502	-114.3704642	39.51863365	1735.104
1503	-114.3525372	39.53318134	1735.104
1504	-114.3376575	39.59966054	1735.104
1505	-114.4419934	39.58949942	1735.104
1506	-114.379291	39.57788635	1735.104
1507	-114.5072037	39.51468071	1735.104
1508	-114.4851143	39.61767536	1735.104
1509	-114.4048179	39.52693893	1735.105
1510	-114.4951787	39.56227453	1735.105
1511	-114.4191222	39.59782518	1735.105
1512	-114.3943431	39.57765575	1735.104
1513	-114.5017789	39.51265439	1735.104
1514	-114.4892607	39.61674724	1735.105
1515	-114.3864935	39.52881649	1735.104
1516	-114.4663532	39.54279743	1735.105
1517	-114.3774206	39.47229713	1735.104
1518	-114.4215328	39.53522487	1735.105
1519	-114.4573546	39.46494749	1735.104
1520	-114.4021134	39.56236155	1735.105
1521	-114.4563435	39.61009273	1735.104
1522	-114.4801571	39.47761537	1735.104
1523	-114.4782099	39.53006229	1735.105
1524	-114.4578719	39.5420267	1735.104
1525	-114.4808235	39.58524757	1735.104
1526	-114.4038606	39.5917785	1735.105
1527	-114.3837041	39.60769748	1735.104
1528	-114.3520797	39.53343286	1735.104
1529	-114.497662	39.5598404	1735.105
1530	-114.4584117	39.57304241	1735.104
1531	-114.493616	39.51035631	1735.104
1532	-114.4335515	39.46340083	1735.105
1533	-114.4431873	39.64001452	1735.105
1534	-114.3596715	39.61281619	1735.104
1535	-114.425965	39.51039528	1735.105
1536	-114.4294381	39.51552843	1735.104
1537	-114.3738247	39.4790374	1735.105
1538	-114.4162971	39.59975885	1735.105
1539	-114.4331464	39.56146463	1735.104
1540	-114.4665361	39.5224505	1735.105
1541	-114.3570738	39.50230547	1735.105
1542	-114.3748713	39.53093765	1735.105
1543	-114.3248226	39.56239047	1735.104
1544	-114.3794968	39.46851113	1735.104
1545	-114.4382692	39.52763226	1735.105
1546	-114.4222871	39.56457417	1735.105
1547	-114.4888369	39.53865811	1735.104
1548	-114.3857711	39.57369599	1735.105
1549	-114.5053929	39.53905491	1735.105
1550	-114.3878135	39.62045816	1735.104
1551	-114.3788195	39.51127102	1735.104
1552	-114.4603807	39.60348101	1735.105
1553	-114.4518306	39.63828323	1735.105
1554	-114.4472214	39.46310922	1735.105
1555	-114.4128887	39.57924717	1735.105
1556	-114.3764057	39.5521625	1735.104
1557	-114.5006052	39.59874934	1735.105
1558	-114.4906287	39.52375178	1735.105
1559	-114.3922082	39.62430897	1735.105
1560	-114.4525239	39.56246545	1735.104
1561	-114.3800955	39.53301953	1735.104
1562	-114.336972	39.58500277	1735.104
1563	-114.4140822	39.50585331	1735.105
1564	-114.4502212	39.5952078	1735.105
1565	-114.3752147	39.60140467	1735.104
1566	-114.3787112	39.57928941	1735.105
1567	-114.4692324	39.51142092	1735.105
1568	-114.4862241	39.48909466	1735.104
1569	-114.4692208	39.6258211	1735.104
1570	-114.4355966	39.58459156	1735.105
1571	-114.5040024	39.58396793	1735.105
1572	-114.4715464	39.54642068	1735.105
1573	-114.3963552	39.55531214	1735.104
1574	-114.5009349	39.53702739	1735.105
1575	-114.3845336	39.57867852	1735.104
1576	-114.3745109	39.51870144	1735.105
1577	-114.4175293	39.50796047	1735.104
1578	-114.4488518	39.6393099	1735.105
1579	-114.4295074	39.61278115	1735.104
1580	-114.4221687	39.51969729	1735.104
1581	-114.4676363	39.5750698	1735.104
1582	-114.3841675	39.58925467	1735.104
1583	-114.4028169	39.55036053	1735.104
1584	-114.4337775	39.64258571	1735.104
1585	-114.4342909	39.54817313	1735.104
1586	-114.3692854	39.59580087	1735.104
1587	-114.3416114	39.60320618	1735.104
1588	-114.4994127	39.59965734	1735.105
1589	-114.4837326	39.61689835	1735.104
1590	-114.4806527	39.47851994	1735.104
1591	-114.4246074	39.56817951	1735.104
1592	-114.4007074	39.61859744	1735.104
1593	-114.5139853	39.54874535	1735.104
1594	-114.3814514	39.55584208	1735.105
1595	-114.340623	39.54835151	1735.105
1596	-114.423604	39.6175633	1735.104
1597	-114.4504677	39.54102208	1735.104
1598	-114.4371604	39.47024968	1735.104
1599	-114.4979243	39.60584963	1735.105
1600	-114.4541744	39.53565591	1735.104
1601	-114.4360192	39.53480732	1735.105
1602	-114.3990634	39.62744321	1735.104
1603	-114.3803254	39.51943237	1735.104
1604	-114.4893411	39.53099017	1735.104
1605	-114.4370323	39.58914241	1735.104
1606	-114.4087622	39.58457016	1735.105
1607	-114.500143	39.51855865	1735.104
1608	-114.3457563	39.5425445	1735.105
1609	-114.3699017	39.62430031	1735.105
1610	-114.4331155	39.5466296	1735.105
1611	-114.404051	39.60100874	1735.105
1612	-114.4971995	39.56054999	1735.105
1613	-114.3291485	39.5711623	1735.105
1614	-114.4346847	39.60058076	1735.105
1615	-114.4065307	39.63573025	1735.105
1616	-114.4596152	39.63561933	1735.104
1617	-114.3965122	39.63913475	1735.104
1618	-114.4754343	39.58609859	1735.104
1619	-114.4965223	39.505657	1735.105
1620	-114.4407419	39.46342991	1735.105
1621	-114.4309552	39.61274283	1735.105
1622	-114.448188	39.58060548	1735.105
1623	-114.4227586	39.47324802	1735.104
1624	-114.4834786	39.51765408	1735.105
1625	-114.3582815	39.51275933	1735.104
1626	-114.4251397	39.46308039	1735.105
1627	-114.3483878	39.53708229	1735.105
1628	-114.3833605	39.54434047	1735.105
1629	-114.390729	39.6343971	1735.104
1630	-114.3982613	39.5931384	1735.104
1631	-114.3851258	39.60369726	1735.104
1632	-114.3740276	39.57043147	1735.105
1633	-114.4175257	39.5149505	1735.105
1634	-114.4675047	39.52361261	1735.104
1635	-114.4731007	39.62771077	1735.105
1636	-114.4076919	39.49695025	1735.105
1637	-114.4531583	39.6386252	1735.105
1638	-114.4234111	39.56914547	1735.105
1639	-114.3939619	39.54926294	1735.104
1640	-114.4359391	39.57248153	1735.105
1641	-114.3763534	39.60402484	1735.104
1642	-114.4032258	39.55685786	1735.105
1643	-114.3856667	39.49732899	1735.104
1644	-114.4203103	39.61408063	1735.105
1645	-114.3584308	39.52311745	1735.105
1646	-114.3689519	39.57920522	1735.104
1647	-114.3660841	39.48556859	1735.105
1648	-114.374069	39.56907593	1735.104
1649	-114.3711774	39.59511681	1735.105
1650	-114.4127589	39.64365649	1735.105