-2032936.2963125422,-4485229.059908279,4042591.737070111
-2032856.8150762618,-4485152.189959926,4042716.1515532634
-2033072.981975604,-4487017.808320997,4040551.227759002
-2032025.983620886,-4484057.2532690205,4044337.2142959777
-2036717.7786239274,-4483832.104618839,4042240.3621679903
-2035089.4297859387,-4487338.616930805,4039188.7929442376
-2032475.3047263478,-4486816.948345986,4041071.4258336197
-2031757.3725279728,-4483326.157969776,4045276.246453794
-2033564.0582780284,-4485832.143226799,4041613.3108567195
-2032755.7320568808,-4485909.750196488,4041931.6495536263
-2031117.9739222724,-4487071.245071581,4041468.8217903376
-2033170.2387636232,-4485666.024965334,4041993.239831112
-2033873.0798835615,-4484748.072146921,4042653.745215824
-2031684.7363701162,-4486524.126808283,4041789.178578659
-2035813.41819957,-4485808.770575081,4040514.1019293196
-2030315.6284852712,-4485652.3819535775,4043433.3139703544
-2034449.5441990276,-4486319.413633798,4040633.302898064
-2030828.4412773568,-4487584.136872124,4041047.6626220574
-2035721.6004037256,-4483797.173797605,4042777.265729042
-2032827.8222711948,-4484180.627083463,4043801.048362501
-2030376.6918534476,-4483386.345534805,4045898.5172769707
-2030379.8024034952,-4483122.309328907,4046187.576454186
-2029467.0358091977,-4484727.533005109,4044875.2432050556
-2036142.721097422,-4481694.119523732,4044882.3811221737
-2035931.2004175445,-4481825.15686559,4044843.921032598
-2037194.4419501317,-4487040.744918895,4038463.3951239455
-2036955.614244673,-4483851.784978093,4042099.6349666542
-2031252.3426671512,-4488428.566499863,4039904.3218757967
-2038645.6573896394,-4485228.444569671,4039735.4963163156
-2036263.596806888,-4485166.0206471225,4040997.502838147
-2036342.8403912846,-4481383.608019355,4045124.0352951246
-2036040.784344825,-4489738.559097313,4036062.271479987
-2028575.7248117374,-4485593.9892247,4044364.984854339
-2035804.8554369947,-4479641.447491846,4047309.182193741
-2034647.2236720088,-4490936.199978816,4035436.7550721243
-2034012.7403162299,-4486340.637199059,4040828.32569836
-2032275.6307060889,-4480119.8172218455,4048544.838154561
-2035821.7098398847,-4479084.269824454,4047913.2458595037
-2037683.6227681446,-4481724.544165249,4044078.0456456123
-2037877.3007241061,-4488198.549085123,4036842.887135573
-2038479.4496794634,-4488033.996072576,4036722.6223257543
-2039624.6216977157,-4481902.844514873,4042909.6739705643
-2034597.9588792205,-4479774.88545054,4047765.2808361687
-2041792.1066522617,-4486649.797239965,4036588.046442543
-2038760.8988038297,-4484390.126942265,4040602.084371026
-2031856.5675835398,-4483855.63250453,4044643.791310984
-2041614.4811873727,-4481046.053593276,4042855.410351136
-2040212.049316319,-4488848.2813084815,4034953.4400013615
-2036905.225819501,-4483469.344403632,4042546.211997129
-2031119.6918522352,-4482969.163351286,4045987.257262708
-2033844.9157772213,-4480279.2812284725,4047586.6649721316
-2039002.9911308165,-4480072.505795986,4045235.5595856523
-2041002.0489064078,-4483656.841386044,4040286.5199976806
-2037277.2305973796,-4485136.735317433,4040522.282277096
-2035633.0113718654,-4491102.78285745,4034758.727025551
-2041277.5056180079,-4486006.158289499,4037557.014674541
-2030628.6944658295,-4485075.630126482,4043912.6334267207
-2036445.0242818191,-4489647.530623443,4035960.2729723253
-2033479.0040038587,-4489416.160488395,4037701.0286261393
-2039466.2772515896,-4481535.967567627,4043392.966464875
-2035998.919051844,-4488037.009205398,4037962.591710548
-2042652.5911755834,-4484163.926685597,4038898.7376007256
-2033941.598883972,-4483799.12598143,4043664.941210985
-2037646.7532763304,-4478778.565558542,4047337.0594672156
-2038198.2436458822,-4484725.975767213,4040513.787475328
-2035718.2663745503,-4483970.820087004,4042587.6250120304
-2041842.2448050561,-4481246.873347982,4042520.03958847
-2034237.935935355,-4488675.199118198,4038139.551103808
-2037082.7045299825,-4488880.805843636,4036487.7170201708
-2033455.3659261174,-4484138.14569728,4043534.427112059
-2033821.24944413,-4489703.496293893,4037212.422220337
-2041000.694685301,-4487801.736118814,4035713.5392827494
-2035798.1332817432,-4490996.252296767,4034793.7575868955
-2037584.0766954953,-4484664.857136957,4040888.844391012
-2036024.3225504046,-4486633.688542129,4039498.6314085694
-2037679.5011053442,-4486212.081107045,4039134.723221507
-2032441.9662132456,-4484393.620229683,4043759.088927764
-2038289.6634632887,-4483219.690671881,4042128.0740473494
-2038665.0314117568,-4481776.133979969,4043529.9082560027
-2037041.543910687,-4488208.5990217235,4037250.764514168
-2031005.9052786888,-4488156.635938031,4040327.4611860206
-2040100.698069237,-4489345.837152878,4034459.4822456404
-2040576.799268331,-4479076.195354059,4045543.17503422
-2037172.0032197975,-4481205.296510476,4044905.548443086
-2032609.4275150434,-4488021.133159138,4039675.9353123694
-2037632.5587489337,-4487713.833010582,4037500.825942947
-2036447.715985823,-4482621.564697545,4043708.8669752604
-2028911.3403744898,-4487513.398587316,4042082.0982075967
-2037076.1663087064,-4491536.316450119,4033555.696615949
-2034760.838778834,-4490524.101295124,4035835.3570695883
-2031468.482326866,-4487340.097124302,4040997.2971589128
-2030887.5866298587,-4485684.672361349,4043112.405391693
-2037540.1398137233,-4481617.740606652,4044267.4195779567
-2038325.750743959,-4487051.473894674,4037884.488279665
-2038887.377556204,-4482784.588636142,4042307.9680658067
-2034947.1058142986,-4482658.413374152,4044418.6159275533
-2033477.5806324354,-4480102.360046741,4047964.495090677
-2041503.4945023821,-4485031.346041132,4038519.123252231
-2042218.6252434626,-4481978.99184875,4041524.857212261
-2035647.5869773177,-4490164.0139834285,4035789.135667405
-2040972.465208371,-4487272.053702873,4036312.7176495297
-2040006.2611338785,-4485918.002692203,4038292.4442341905
-2033467.4298862177,-4487977.059957512,4039295.639157331
-2033832.3182609465,-4483501.696093887,4044047.107028268
-2038262.9882138786,-4486918.031682236,4038063.245831332
-2041589.0613681704,-4481700.072018401,4042147.993086344
-2040028.7470092804,-4483233.443754638,4041241.3695209846
-2036491.949413696,-4489158.170817228,4036477.417427674
-2040346.116136953,-4482373.311772392,4042029.8716363907
-2037996.2211689234,-4488000.0410672035,4037002.471749024
-2033985.4197134287,-4484449.647639033,4042926.427041942
-2037331.6190406159,-4483391.716677973,4042418.2977706934
-2035489.9458824142,-4483947.672135094,4042727.325061818
-2030825.1302914256,-4488311.811184115,4040246.496615207
-2037492.8343568838,-4481100.21583684,4044860.668527394
-2042501.1584425303,-4482039.219372287,4041316.68627456
-2041493.7116490607,-4489753.948468555,4033308.2825306337
-2041399.2962038338,-4485207.526807635,4038377.0857146885
-2034919.3285986714,-4478940.214170728,4048522.2291342244
-2038234.5725017278,-4483361.860420758,4041999.034945793
-2033712.1834345069,-4482248.368920836,4045486.892948157
-2034146.8126436085,-4487855.838557238,4039089.6337308986
-2035462.973249841,-4481985.487159582,4044901.5281650713
-2028915.2594660965,-4484981.410855009,4044870.5907114567
-2036057.120847224,-4483955.226275985,4042435.294326643
-2030756.8474210373,-4486286.588047228,4042514.212347334
-2036304.4850512382,-4478568.500899267,4048238.88132234
-2032728.8284134602,-4487489.05336389,4040203.3651714395
-2034232.58320977,-4487114.926620692,4039864.3067742437
-2042447.3805078065,-4485903.74801681,4037082.3424121654
-2033279.8083717322,-4484272.67428982,4043473.9269761634
-2039744.5346038493,-4486281.558213087,4038022.5897999387
-2033978.0820058414,-4481937.367053506,4045696.363676725
-2033574.8165474078,-4486702.57976292,4040648.0840287255
-2036389.2820518545,-4481762.818836113,4044683.4743597987
-2041842.1465708478,-4481897.013598081,4041804.098160664
-2038445.3343761377,-4480825.170782036,4044686.627650902
-2031731.0285007134,-4483647.635542055,4044935.4573216084
-2037023.725527883,-4486579.172492071,4039058.2726525646
-2039891.0544534437,-4488946.563710535,4035006.0391430412
-2036082.8721244528,-4487624.639615142,4038375.76694205
-2039440.0078000757,-4482758.854241447,4042059.396406814
-2041046.870413065,-4481522.671873296,4042615.3152595735
-2040593.4114395222,-4487975.811129717,4035725.83420157
-2040423.6291194572,-4479222.006189771,4045459.5548668057
-2030802.0360607621,-4487378.150845707,4041288.0479146154
-2035250.6827773242,-4487425.878118008,4039011.789520568
-2032256.7269905498,-4482014.371613633,4046470.809370537
-2036634.098537974,-4486393.745455852,4039458.009549681
-2038563.64130291,-4483790.304620285,4041362.074570091
-2038072.1883546293,-4487358.821341263,4037672.3544720295
-2038449.8324721018,-4488249.121375278,4036499.890577668
-2041248.2049728143,-4486783.93156952,4036713.1897700466
-2039540.6163406705,-4483011.854530198,4041730.244429122
-2035575.6250933334,-4481367.223309939,4045525.609916966
-2036289.5333918233,-4486344.8428326715,4039684.5000576004
-2040312.5156242952,-4483314.8776668785,4041009.3279708335
-2039511.2192754627,-4487660.059736323,4036617.893450963
-2033822.0746992896,-4483675.499859101,4043860.815317988
-2032295.7013729853,-4487129.536637891,4040816.384389596
-2033342.8050772678,-4485595.619325135,4041984.624457207
-2036085.9756433594,-4490281.415209041,4035439.7074831445
-2038124.592309833,-4478391.722686981,4047523.263936999
-2035430.464369182,-4486072.136244877,4040415.300473293
-2037743.0459349814,-4480642.275586353,4045239.3572597695
-2039351.8973269633,-4488779.516280274,4035461.3167169965
-2029491.3479328747,-4483817.6996908905,4045864.923888681
-2038517.8006541023,-4484980.80767423,4040072.669202896
-2035462.9217570035,-4483925.194519911,4042765.6041131113
-2043101.7714447028,-4483549.072503677,4039351.0603759065
-2040224.1209782935,-4479398.733844517,4045365.131087374
-2037636.6152984262,-4485487.136501644,4039955.862692183
-2039347.5817783189,-4486532.163829449,4037945.1727164597
-2034243.3256814003,-4480709.699446717,4046914.470434685
-2038203.275442518,-4490051.614511426,4034631.9224548764
-2039381.8278410425,-4490366.540617033,4033692.108187756
-2030789.1883198603,-4484657.834539703,4044292.8122465797
-2038213.0287369345,-4485763.085225111,4039362.658194995
-2035816.394999525,-4488152.926954699,4037926.0253524976
-2040369.1370403685,-4481973.29425944,4042458.9134543515
-2035383.635276484,-4490400.773713755,4035659.711314329
-2038458.402395591,-4483140.926616876,4042130.3251124355
-2043568.7953601389,-4482153.8072466785,4040654.2789773075
-2034783.4164538174,-4489176.896084108,4037312.509597733
-2042022.9459006845,-4483275.6403066935,4040194.3072645846
-2032018.360428417,-4482904.792752484,4045609.8656321564
-2042310.2938545074,-4486586.267289025,4036397.7931784857
-2034444.3948968663,-4489457.224655093,4037172.5874215923
-2032542.5586950148,-4484716.92585175,4043352.6981977737
-2033552.9810787414,-4485659.205519102,4041809.4995710384
-2037983.9933286358,-4481967.697313863,4043660.0077890907
-2037033.267053251,-4486802.444397872,4038807.1285817097
-2038819.0065598073,-4478633.862645611,4046909.6966689304
-2032830.8283360952,-4486771.461500003,4040943.958740615
-2035562.277840753,-4483318.726430325,4043383.9672368993
-2034724.7760938238,-4487346.056648692,4039363.0591107155
-2030470.9805982986,-4487347.209909188,4041487.402258581
-2034055.4183922082,-4480703.970841301,4047014.5873986287
-2038790.6231630968,-4483203.70373442,4041894.7252035276
-2039892.4070882534,-4489346.882360413,4034562.9416761217
-2029552.406548803,-4486881.606916376,4042459.0732241767
-2035012.4970904249,-4484246.071982928,4042637.317017241
-2034598.969044512,-4484290.204386983,4042795.438602508
-2034907.7165243668,-4484909.957482063,4041958.1182433735
-2034646.6869324627,-4484421.18980071,4042627.261319224
-2038372.7867455077,-4485199.652399305,4039904.0190248257
-2038875.8085834058,-4479291.643459645,4046158.067254835
-2041403.1079993641,-4484489.000137934,4039167.7188019496
-2034197.9106230172,-4489969.481685668,4036730.0696366313
-2038165.8625910748,-4486792.8578890385,4038250.0924437405
-2031495.491914081,-4484043.722076541,4044616.8270219476
-2041791.1773851062,-4488378.249981866,4034679.3844506
-2035890.5691349464,-4484104.648197219,4042353.9804564915
-2039393.6638279762,-4480293.1720053265,4044797.159393118
-2038698.118641301,-4484084.9300684435,4040969.9710068
-2034378.9076729633,-4485123.682111838,4041986.9638793245
-2037266.2384154093,-4487894.604893477,4037484.856809126
-2034794.115797711,-4484285.735907364,4042702.802826598
-2039432.323722728,-4485471.644565935,4039072.813236509
-2033788.6102302368,-4489278.619406847,4037698.0381513503
-2040157.1704041706,-4478602.475799338,4046274.2792197946
-2040352.7201237085,-4479082.710569859,4045648.2717247275
-2036292.4440068435,-4483923.465047888,4042352.5488071023
-2041600.5246555158,-4481217.594842767,4042673.541897646
-2034392.6471210574,-4479055.796351297,4048658.1322697946
-2034346.685163415,-4486676.348385844,4040291.061392776
-2043031.8199537718,-4487663.049761782,4034845.7900286186
-2038660.8285070627,-4485991.442056961,4038886.2610084205
-2035325.7593580303,-4488065.912630925,4038267.7595651937
-2032688.6578086815,-4483241.190570604,4044905.0484334584
-2035859.534039958,-4484548.617805346,4041880.2634137813
-2042230.5130508004,-4484633.430436471,4038592.9370366866
-2032138.0601220003,-4487815.607830367,4040138.270468676
-2042111.9808620894,-4480156.159118633,4043585.409969423
-2039725.6948463523,-4486476.083806581,4037817.3594156886
-2039348.4472306748,-4488990.9838507455,4035229.3881528885
-2035888.979195757,-4488804.796933847,4037169.847434893
-2032987.420543375,-4481520.143438032,4046649.951052753
-2033374.1386750664,-4489939.029646878,4037175.9446602594
-2032009.365462072,-4485505.410101976,4042750.077136574
-2039273.22799305,-4487102.761095864,4037352.6457005534
-2039709.3161828853,-4478981.977673951,4046081.2930895947
-2040618.0913811927,-4486879.545869858,4036924.0684086303
-2039464.0954014214,-4479300.427151151,4045853.8982211207
-2037801.173144478,-4486870.318533897,4038347.418108836
-2037131.6610292594,-4484110.98567092,4041725.8793551964
-2036139.551326726,-4488757.779323994,4037096.2519389363
-2039748.1058959095,-4488011.387392033,4036110.98282365
-2042303.7348514067,-4487769.8436651025,4035093.928012291
-2038198.798166569,-4482422.192439419,4043052.0069018463
-2032490.3799189797,-4485053.12497594,4043008.321085275
-2039618.3219745532,-4479788.877504689,4045239.4354279498
-2035629.0161817456,-4486589.155692398,4039745.64798909
-2043167.4987175697,-4482477.770330863,4040498.8858953705
-2036188.4006994409,-4482216.5909475535,4044284.4430481074
-2035440.6954039026,-4484742.420818059,4041876.2013729513
-2030142.1676986376,-4485632.494910209,4043541.7395213232
-2034964.3930339208,-4491426.0841520205,4034736.2762398496
-2038926.373782491,-4483045.748639346,4042000.730832465
-2037897.60623211,-4490108.344432675,4034722.582213789
-2033396.6195882738,-4482039.563405927,4045874.233058866
-2035219.0799415458,-4487145.66088273,4039336.8282831986
-2042780.4577139192,-4482227.162693983,4040969.3985920562
-2038614.012268741,-4484376.963916824,4040690.2100329273
-2038128.982415835,-4485416.295023271,4039787.2826241856
-2038357.9358277372,-4488758.728228584,4035983.0743317255
-2041434.819420281,-4480004.58164353,4044091.832628113
-2030621.505676092,-4484775.761367386,4044246.5507889823
-2037893.3952750282,-4485070.476339389,4040286.688001162
-2037750.6756717789,-4483200.202166591,4042419.470131894
-2029144.4537577303,-4486014.147835764,4043618.622186695
-2036462.8229864645,-4489474.688375388,4036142.3293401105
-2031936.31965827,-4482698.219798802,4045878.1518521486
-2038607.6557659912,-4481245.506146349,4044142.76308603
-2034198.7795695744,-4484660.311232979,4042587.673354659
-2035264.0051427202,-4485742.8912664885,4040861.668723525
-2038966.7819465264,-4488328.017394836,4036153.3888763087
-2029889.7486928466,-4486414.959905485,4042805.2686900375
-2032391.3988200328,-4481883.5880076,4046547.51188668
-2038803.50134222,-4480117.417306601,4045286.027779494
-2038928.5121277452,-4482462.773901232,4042641.8258053977
-2043580.5391282646,-4484622.032587507,4037927.1193890804
-2034738.2591097944,-4482171.271204758,4045059.222328142
-2038907.039755795,-4484259.616409504,4040672.7098013023
-2036973.6910156,-4491196.121656682,4033983.3515063906
-2040535.9369096532,-4483458.496543685,4040738.987242293
-2041652.6698286922,-4481833.44113878,4041969.192069917
-2042148.6311337554,-4488929.396171238,4033890.552588984
-2039608.0862918242,-4488441.090420631,4035706.6095763193
-2038208.283340051,-4488654.295372007,4036173.512624498
-2035924.6859660537,-4487538.814584474,4038549.7146603437
-2040215.9394213436,-4484373.733676053,4039890.5791443908
-2034114.1077120625,-4483614.739170671,4043781.8295262256
-2036176.9728545297,-4485517.9087031325,4040652.8776454967
-2037381.5747520148,-4490939.495631213,4034062.5382088013
-2034855.8495925055,-4482828.526478183,4044276.932956794
-2029289.7677013748,-4487575.147407311,4041825.298098291
-2036853.7867109333,-4482971.614347825,4043120.2088707415
-2033962.5060553,-4485435.146440973,4041851.8073377768
-2041286.0511951086,-4479360.063644078,4044875.5099153477
-2036316.2432213016,-4487152.497855815,4038779.991963066
-2038705.036410479,-4485755.136509761,4039124.7899358417
-2034603.4866806099,-4485825.730173495,4041100.720870374
-2034838.8492643046,-4485654.478804708,4041171.8285436262
-2028609.4322717183,-4487589.471201079,4042148.7229625206
-2038976.3581343517,-4481954.054938972,4043178.0784872053
-2039875.364189976,-4487383.670918998,4036740.3275057236
-2041742.8537169914,-4487999.685423061,4035121.9488761653
-2036668.7025008816,-4491510.152435166,4033789.0142995953
-2034464.48617072,-4487018.823952586,4039854.3358946186
-2034714.8228312728,-4481897.903274414,4045371.792020791
-2040693.5370879378,-4478856.477309005,4045726.3103285474
-2038029.467404504,-4484752.740756775,4040568.842570515
-2041323.9681224648,-4485049.949548674,4038588.7411906803
-2042303.604101679,-4485826.570237007,4037239.7729052026
-2033206.4859301434,-4488375.495892095,4038986.35390858
-2037895.4489125037,-4484507.7072608275,4040906.11442437
-2037271.507329432,-4490497.798546194,4034606.123526548
-2036346.7491873563,-4485779.6054784255,4040279.302194023
-2041685.18555934,-4479948.137581536,4044028.396145789
-2035393.4309679219,-4489098.194046166,4037093.9956196733
-2038864.202528243,-4489521.88908047,4034885.7497230093
-2029194.217807335,-4486182.330759322,4043408.473379322
-2033895.1786340582,-4481745.091711505,4045949.33371475
-2040112.9238483312,-4482800.732753539,4041675.9380687424
-2036984.5163585881,-4484012.7523308825,4041907.7957143704
-2029857.774837785,-4484265.7180423355,4045189.056937682
-2034906.9707770122,-4484196.900822312,4042744.256516553
-2035023.1756275974,-4481884.616509548,4045232.344596656
-2036865.6718522809,-4487440.0153259095,4038187.439332894
-2040708.7231059978,-4481197.566590816,4043142.8259771434
-2043405.0198199302,-4482970.067792736,4039836.9976218278
-2041898.4241559473,-4487318.279381568,4035796.452431085
-2034296.9019737567,-4488397.330938232,4038416.828781005
-2040366.6217594258,-4489207.677257735,4034478.610310824
-2035689.2761962824,-4488625.578195785,4037467.7952380185
-2031546.5758799196,-4483606.333612585,4045072.954391028
-2038095.2028856387,-4485032.190339917,4040227.789582407
-2037026.4347976986,-4478671.858965208,4047764.490933881
-2031541.4408881988,-4484686.222072749,4043886.248502006
-2037119.6134019273,-4485221.5954287285,4040507.6512233936
-2038740.9269773958,-4485589.634962316,4039289.360858737
-2036498.13242645,-4486738.159383148,4039146.1132329726
-2041598.9614788468,-4484403.2444064785,4039163.9640809563
-2037111.1106226055,-4479151.413958878,4047195.0388794057
-2039684.5588557671,-4484339.148278848,4040195.2270292467
-2034391.8011033253,-4487455.68976187,4039408.6719604274
-2041994.3576665593,-4488847.9918498965,4034058.104081069
-2035166.1624328056,-4482523.838472571,4044457.2857951475
-2033610.5009311475,-4488338.118228436,4038825.5707909423
-2039243.830916965,-4484270.632132338,4040491.7424797923
-2041113.7964387224,-4479691.327427782,4044597.439819424
-2040009.4557981433,-4478744.944009214,4046191.6183799696
-2037539.1984014425,-4486298.362651893,4039109.8362181424
-2039650.0254245307,-4486074.469263922,4038298.5323288054
-2042338.6585563272,-4487268.249722225,4035630.4349803836
-2028939.8892411217,-4485136.623872493,4044687.36236206
-2037848.6229183967,-4489146.095408338,4035810.584762263
-2034750.7168834356,-4484146.375930232,4042878.0416517183
-2037042.6331584442,-4483050.329760699,4042939.0040692803
-2031394.7802300672,-4485501.426592798,4043061.250822214
-2028560.3794605266,-4486688.2033528825,4043166.837909558
-2038623.0129225357,-4478416.070096915,4047247.16570816
-2037245.3799956692,-4489072.992103976,4036193.855659619
-2037804.5446992675,-4485388.3830154445,4039980.6364218243
-2037680.9729949913,-4485648.7664024765,4039755.3776261625
-2040030.73888033,-4483609.31038554,4040826.147383522
-2038220.992841072,-4491189.11714358,4033365.2446681275
-2041487.791490584,-4479292.635675958,4044848.5464998134
-2034910.8470836857,-4483677.171941331,4043314.86819396
-2039740.6697207266,-4489554.365164434,4034409.810695074
-2037775.4015298395,-4485778.526254089,4039564.9403359573
-2039137.5366122376,-4481607.046651313,4043479.4029971776
-2029094.6768091214,-4484523.790396747,4045285.1629447765
-2037151.0750023397,-4484975.106372018,4040763.666943498
-2036829.7921385895,-4478545.17676157,4048002.0049926806
-2042665.192090842,-4486947.677101475,4035820.3228475093
-2041011.5355557157,-4484207.864940276,4039674.2770738173
-2032731.0801927636,-4486640.2423440525,4041138.5151975644
-2035567.132395269,-4486172.079048163,4040236.6810281244
-2031760.9278799254,-4486127.774399442,4042188.1162625975
-2037319.0575099469,-4482428.719773827,4043485.230442997
-2040707.683552728,-4485184.460071606,4038749.727505232
-2037027.527277504,-4490300.582463796,4034946.501659258
-2041877.4649586214,-4480893.8133587465,4042891.0943400506
-2042259.6166177557,-4485980.883655884,4037091.55785543
-2036224.1976609642,-4488879.487312126,4036919.420326928
-2040073.296611359,-4482391.692123939,4042146.407324525
-2036026.8046445297,-4485671.852867939,4040558.288293956
-2037345.98601484,-4478990.124653578,4047254.9067726787
-2029462.5810154974,-4486727.7082532905,4042673.534385464
-2037589.9998103091,-4483234.2522864295,4042462.4097389504
-2037300.833425797,-4486563.846046878,4038936.3531054137
-2032054.1807756575,-4488524.723670233,4039397.6283110683
-2041035.5395312961,-4489896.865632811,4033380.5829852745
-2041247.3992027843,-4479932.133983794,4044265.519108594
-2034511.4728663953,-4481530.820648565,4045877.3057336076
-2036369.9077036693,-4485934.007139889,4040097.4216296244
-2037299.8710729436,-4482992.669670255,4042873.761629932
-2037974.2877146776,-4487521.283790327,4037542.0860061683
-2042091.2950385925,-4489249.502852228,4033565.5265058293
-2032504.7597171867,-4483235.421009402,4045003.19101618
-2033915.4294511275,-4484805.998867574,4042568.748703213
-2040545.9803096768,-4481270.182880328,4043144.4687763206
-2028787.5972438601,-4486086.621541171,4043716.617182462
-2037426.6134982242,-4483804.233807703,4041916.23365988
-2036296.3079749465,-4479649.556266991,4047054.6824328103
-2038040.9930721354,-4482680.14545996,4042846.9398115496
-2041330.3973277258,-4489873.6570834685,4033258.022789896
-2041878.691107644,-4483085.216718912,4040476.605523177
-2038157.0321003192,-4484272.118821317,4041034.760359735
-2030541.6660971271,-4487058.286412531,4041770.7570325104
-2037630.1712967348,-4484989.416396914,4040507.93384235
-2039909.5804352835,-4488291.553937501,4035720.441840601
-2033942.8450791263,-4490623.993654376,4036134.51033154
-2033071.8151427032,-4481857.957332375,4046236.186951429
-2037811.1882732909,-4489534.189140126,4035400.5225041243
-2031692.6841400522,-4488107.046140178,4040039.1883691824
-2036808.886236569,-4487023.766511132,4038675.3004236165
-2031709.786488469,-4482672.921166386,4046018.9944072207
-2039160.6659127623,-4486550.45866534,4038018.745790324
-2039957.7837928438,-4485072.303013877,4039249.7219167934
-2034886.1067636348,-4486612.87278266,4040091.2479865206
-2041834.9245779968,-4481753.399708644,4041965.901903321
-2037188.4578142895,-4482745.556351248,4043201.6882661907
-2041881.710666786,-4489037.401265766,4033905.3817998096
-2031233.2785164807,-4488209.884514302,4040155.1642047935
-2038873.6305169004,-4479494.862832069,4045935.6782924538
-2037144.3429536372,-4488480.108064701,4036899.4012058214
-2036748.8500559484,-4485098.464972327,4040829.0658618924
-2040916.2300783684,-4479154.731433135,4045286.7182109193
-2037222.182527297,-4486731.173744235,4038791.125146379
-2028892.7971030811,-4485347.594598753,4044478.4371461384
-2040794.1734866141,-4484646.632007574,4039299.525361477
-2035376.1519193868,-4484062.115666047,4042658.148124998
-2040278.7954901396,-4490268.953197892,4033349.442089771
-2040688.422468395,-4483841.578245023,4040240.238152535
-2033874.6110439096,-4487277.101960937,4039864.4105417905
-2035156.4037047983,-4482951.613087686,4043991.1790800453
-2036141.6628707056,-4479269.450072829,4047549.8416315573
-2036172.0600112106,-4482504.8389036795,4043975.270382526
-2042173.910036442,-4483558.231513746,4039807.001555649
-2034933.9314633217,-4488022.988617265,4038511.282247755
-2040672.1694414434,-4483076.462706148,4041091.6699554725
-2036678.3733439576,-4486931.396270403,4038842.6121308026
-2037211.3851235353,-4489782.299426582,4035427.149593405
-2028695.4940395388,-4485039.190733054,4044916.4431693116
-2035224.9989814297,-4486211.338309844,4040364.5850272593
-2040407.8835362492,-4480159.320118396,4044436.3370778593
-2039212.6882723395,-4481753.782321107,4043280.202571898
-2041484.9713433594,-4489583.924920109,4033500.667030976
-2039597.4851863706,-4483352.982871571,4041325.863453524
-2041043.337379638,-4482405.698540647,4041644.5290547386
-2029154.6087476504,-4488102.053140603,4041311.534629927
-2035604.6245912893,-4481489.707640454,4045376.3392392355
-2037405.492575202,-4483212.884486587,4042578.320749171
-2039191.8912546516,-4487727.760978619,4036703.3786281
-2029499.1711339268,-4487668.008621021,4041618.441928771
-2035634.2025077292,-4482407.779169494,4044351.0839916314
-2029492.8562800516,-4484187.305871955,4045457.2614544504
-2040538.150875489,-4490142.190381642,4033359.2930650916
-2036072.2786693166,-4485357.35508129,4040882.308643029
-2036960.721265809,-4485685.397329914,4040075.7676986116
-2041152.8377771883,-4479236.093038231,4045078.64651773
-2038958.6827530696,-4482230.06584104,4042882.995746672
-2039620.9395112738,-4490574.487685697,4033342.0574504156
-2032383.4504333637,-4486944.350952297,4040976.8021458085
-2033329.6734473777,-4485338.401596097,4042274.7048279173
-2034928.4417430146,-4485081.540592087,4041758.6329928776
-2033728.6947569095,-4484927.944812076,4042527.6835911362
-2040240.594392168,-4489374.0602187,4034358.0156398984
-2034386.6587669887,-4490289.15309387,4036282.365918008
-2031814.7420185765,-4485501.490500764,4042851.5599536123
-2035967.3458358964,-4491819.946738582,4033798.0498148687
-2037100.775871152,-4483734.315271908,4042156.4034475638
-2036645.7334483364,-4482527.684034389,4043713.179294781
-2038285.4434863923,-4485906.660391456,4039167.9803162944
-2042931.9674496432,-4487820.757525199,4034721.772609873
-2030270.1182870269,-4487301.864558315,4041637.6444067825
-2037936.5421184658,-4485858.621393475,4039395.8415384027
-2036904.4770130562,-4481675.012850553,4044522.430164802
-2037083.8395985924,-4481330.890902508,4044811.439629666
-2030620.2220476652,-4482481.547908353,4046772.8450534754
-2041996.33477703,-4483975.972851305,4039435.5998062724
-2034961.4957035503,-4484114.327920423,4042807.9700669595
-2038720.6872884491,-4480907.137722479,4044458.5694721686
-2036204.3475913112,-4482992.409424654,4043422.2291747853
-2034694.0428729025,-4487523.139417823,4039183.0231378153
-2028540.8299287704,-4485901.340332294,4044043.744926224
-2035441.0844078227,-4478700.803054101,4048524.7838034946
-2038650.2408896063,-4489174.606937974,4035376.919048787
-2039075.0644862796,-4484246.7942403,4040602.6230917033
-2039357.020874549,-4483130.116600016,4041691.9682215913
-2030783.8841327005,-4488168.128571679,4040425.6323149037
-2037970.2619171129,-4484909.3491080515,4040425.8383558495
-2042689.5234533658,-4488747.623474931,4033819.442489125
-2039222.2762464157,-4483731.061364465,4041097.29279197
-2038247.5808576862,-4478777.817951375,4047037.3614036413
-2040101.8042771453,-4485408.255207865,4038806.8972048615
-2042490.560244618,-4488374.998272208,4034331.341158926
-2034405.6522683948,-4485320.301578196,4041756.8663434666
-2042043.8561662422,-4479965.851258217,4043829.0155647052
-2036898.5065927482,-4482437.6493019415,4043685.848496256
-2039462.8452084614,-4485958.921764366,4038519.928555875
-2041295.2591859114,-4479640.6706438875,4044562.203308927
-2036088.6223656777,-4484638.909252403,4041666.123028859
-2033988.9913760114,-4479687.12859341,4048165.7348003783
-2036223.5437171694,-4481554.167701881,4044995.991124363
-2041973.4576551386,-4488326.245202503,4034645.2179469545
-2040080.240714662,-4483875.031963425,4040508.4364998457
-2038997.836794266,-4484646.61436026,4040200.545177272
-2036427.548709797,-4483964.79016823,4042239.4101485
-2039850.4279178642,-4480217.386005945,4044651.7544536088
-2029713.46898505,-4484960.375427228,4044495.959294366
-2037456.8186452,-4478508.829975113,4047728.501939607
-2035903.3982927178,-4486430.07644753,4039783.792412762
-2041538.4373953226,-4489249.762800775,4033843.216416537
-2038846.879633977,-4485228.419498202,4039634.6508717416
-2037163.9076507406,-4485379.239463996,4040311.6368302377
-2028874.0240572554,-4487367.193789936,4042261.9269010103
-2034449.823591401,-4485770.760961171,4041238.1736276723
-2039027.0182535707,-4480858.961842354,4044358.192748532
-2041671.8439670932,-4487032.965546964,4036225.3950271895
-2028608.0017147008,-4486336.052527122,4043531.2378049637
-2035672.6274699452,-4483619.627655451,4042997.3471208443
-2035425.9531595611,-4487172.63675258,4039203.519371589
-2036555.6805206307,-4487905.988910735,4037828.35019071
-2036764.8577917821,-4479669.767884416,4046798.2495310907
-2039607.573324596,-4486660.937790759,4037672.6020260667
-2030233.475761236,-4487771.45442911,4041137.9886117643
-2040545.6124617206,-4478745.633694991,4045922.305414222
-2040006.6554639107,-4485678.655402166,4038556.3290959774
-2034435.5650357367,-4483717.478735464,4043508.0361898527
-2033169.1292734197,-4489418.8766836235,4037853.0296894177
-2034710.4767078524,-4486512.835402295,4040289.456523159
-2041211.7508770379,-4489721.303360922,4033486.126738504
-2037181.5800003225,-4478373.101391735,4048015.265088179
-2038500.309605374,-4486054.609261595,4038897.048036043
-2034947.4567975,-4483495.6075864015,4043496.549625387
-2042961.576633003,-4485832.800292835,4036902.2110208347
-2037016.7258180599,-4482836.138528807,4043187.875186719
-2041675.9350816787,-4481396.763954661,4042438.426116708
-2040720.5617734427,-4490096.753328627,4033317.865983623
-2039026.7710950563,-4484971.746579973,4039827.526741422
-2041711.1704145705,-4482811.618234201,4040862.203275188
-2040668.0291773803,-4487034.635585145,4036727.7639609044
-2040398.2000472553,-4483554.399128118,4040702.376054165
-2038766.321795642,-4481287.771078155,4044016.791688924
-2032896.4419365823,-4484522.542503061,4043390.13481693
-2040522.0498739916,-4479895.3973302115,4044669.5086559043
-2036217.0455801256,-4485649.057828553,4040488.199632868
-2042055.7311361094,-4489056.269958467,4033797.023375551
-2033144.5378427787,-4486741.9039321635,4040819.785548538
-2038396.954829281,-4481621.564797726,4043834.3143372852
-2038288.8169084766,-4479759.017625685,4045937.8571980842
-2035664.6810939333,-4488125.131309053,4038032.6873562443
-2034200.0812949066,-4484677.152974807,4042568.4642281705
-2036651.8554332538,-4483129.834964778,4043046.9894131282
-2040558.0858199317,-4486694.151944006,4037158.864895381
-2039522.3115319468,-4478723.173104704,4046459.482058864
-2039475.7130177838,-4485173.244959979,4039380.1896010805
-2029053.4799586274,-4488405.833424294,4041026.8421164337
-2035699.5976585618,-4482839.037907511,4043843.562955762
-2041855.6623162024,-4486781.1245929245,4036411.114428747
-2039229.0709422627,-4490156.52242343,4034001.033771733
-2036580.9808759869,-4485212.347815561,4040787.549742322
-2029580.66258159,-4485177.649053737,4044322.82666132
-2033888.6785763656,-4486537.237429061,4040673.531410954
-2039711.1792684637,-4481190.351850449,4043650.7386447573
-2034755.7840600137,-4480909.013358852,4046439.3325999724
-2036447.9557162838,-4484514.5063010575,4041623.4074163986
-2041319.1655721853,-4481108.885250945,4042934.3570062052
-2035113.343929373,-4485075.756784749,4041672.532348445
-2033964.997263424,-4480869.204221011,4046878.0069148713
-2041780.3721837313,-4484349.922281472,4039131.682678986
-2036113.1932351862,-4482873.565275071,4043598.7014101255
-2040909.2526858626,-4479713.526950281,4044675.5433707843
-2041259.1148231183,-4485579.889575893,4038036.6438892903
-2036424.71965244,-4483288.661891026,4042985.69509103
-2029787.229751864,-4484155.787645068,4045345.261115862
-2038832.9645443915,-4484522.1240614895,4040420.444531842
-2041781.2956424905,-4479792.759504338,4044151.1672277385
-2036472.1866073473,-4479701.698871177,4046909.4437896954
-2036615.578992406,-4483289.958729307,4042888.769827409
-2033563.5732392326,-4488806.254473438,4038332.2270481447
-2043054.3707028641,-4486896.202313038,4035681.488987393
-2037371.941450888,-4486749.953504998,4038695.3633046653
-2028953.2051694628,-4488055.8332385775,4041462.9613503837
-2038132.1046324684,-4486140.950196566,4038986.3668923117
-2039194.2364287092,-4488144.38999738,4036242.0746617354
-2035499.3635068296,-4491739.605742745,4034121.496324056
-2032036.6923913937,-4485921.499640055,4042277.815470933
-2035098.2918709698,-4486347.776885875,4040277.4975361954
-2037535.3056560557,-4480651.016980755,4045333.6798245823
-2036214.6658975668,-4484285.313791553,4041992.744186489
-2031949.841618988,-4482084.762266186,4046546.4464783706
-2036900.4955127786,-4487920.240272955,4037639.8471741136
-2033422.4295042923,-4483460.1476719985,4044297.5951641253
-2040092.6541473188,-4482929.577739231,4041544.145643908
-2037590.5415615346,-4479107.436638323,4047003.649922148
-2043802.2770174702,-4482537.233396976,4040114.450146257
-2039251.5839384566,-4486989.941396472,4037488.0494305724
-2036301.9167153505,-4482310.347577082,4044124.4538821825
-2033445.6911477845,-4487616.118000728,4039704.823978482
-2041619.8599556866,-4489659.395976916,4033349.4040319207
-2039048.6502640997,-4483983.428016936,4040906.1705073146
-2040860.037329989,-4484322.124898566,4039624.3187698037
-2040323.2626855194,-4485140.725813718,4038990.8863869463
-2036162.093817939,-4491731.100423743,4033798.679763537
-2042123.172455204,-4482860.158251231,4040601.907764893
-2036558.6670267475,-4481285.956452467,4045123.5660481607
-2038492.5550950512,-4483284.219533533,4041955.3475686247
-2035401.4783725971,-4484901.902785053,4041720.040068758
-2043525.1935842575,-4485996.171442973,4036438.4962552423
-2033397.1701364215,-4484937.489379048,4042682.817204458
-2038542.437298624,-4479191.839212348,4046434.6544986023
-2035359.7042311737,-4483198.800216581,4043617.337560519
-2028531.644075513,-4487142.780062686,4042680.0377235254
-2035034.8085848223,-4483921.092753793,4042984.199652628
-2037296.464290202,-4491450.976638789,4033539.5702285706
-2031011.723922131,-4486962.0097467145,4041642.323500424
-2037119.8177941502,-4486099.769452877,4039539.0328098917
-2040187.3140492921,-4480887.619637817,4043745.3761895527
-2034464.19478972,-4479328.816488469,4048322.375070306
-2035857.0690840534,-4484689.158011685,4041726.6026921547
-2030352.187121406,-4483703.819486447,4045561.2574985004
-2034813.1638170604,-4487035.640619985,4039661.3448719606
-2038174.3702931467,-4484842.946314101,4040396.78477876
-2037241.9600316589,-4490856.942065556,4034223.859589774
-2042145.2594635193,-4480384.588529182,4043317.302244135
-2038083.966226854,-4482262.677497056,4043285.1638345295
-2037786.5001238475,-4485495.041003242,4039872.049949698
-2030792.7085398254,-4482788.810736921,4046348.7677936433
-2034417.016044248,-4484369.064652649,4042799.5047594644
-2034428.66574542,-4480289.962664439,4047283.5060763448
-2036241.1522766806,-4481083.596661828,4045504.995598033
-2031958.9666670968,-4484616.297215548,4043754.9022084917
-2039349.7171571653,-4484008.863391254,4040727.217727101
-2038150.078205762,-4478556.587081894,4047329.3145967377
-2034678.1565691014,-4483857.961859169,4043232.042669941
-2032861.123706245,-4486510.307271197,4041216.8288071547
-2041403.4068980324,-4479146.132628362,4045051.9955159584
-2042915.9292401813,-4486388.743605207,4036311.4422723325
-2034760.395249263,-4485295.697381119,4041606.6059136465
-2038342.9317268988,-4488169.051760637,4036641.9447681084
-2036352.7277261666,-4485513.891460198,4040569.3285261965
-2038288.833819112,-4490987.27681989,4033554.428211985
-2031914.5923598204,-4487744.823074067,4040328.0104501396
-2030564.327237799,-4484198.92598171,4044910.3598133256
-2033658.4263576805,-4487808.281567788,4039386.3930756557
-2037421.2983460024,-4485830.0192042,4039685.5579221323
-2041029.0535568194,-4478950.859824267,4045454.3942808597
-2035489.976291875,-4483696.555653438,4043003.9517622576
-2033161.5381931018,-4479686.423047669,4048579.3741773325
-2040131.2143993317,-4484794.466404641,4039469.138127658
-2037841.3176434874,-4482086.05039474,4043601.1258298466
-2039497.1406152311,-4482149.13348685,4042702.337654317
-2033389.2711229578,-4482428.152573604,4045450.2608260456
-2033659.6226095404,-4480023.947734944,4047959.8566500596
-2038485.2586592077,-4483832.849289725,4041354.4607863347
-2029447.1504008959,-4488533.571500982,4040689.5323840776
-2034069.3082891903,-4481769.114118341,4045835.947529725
-2039131.4556213012,-4484416.650662922,4040387.101803651
-2035259.7161875297,-4487272.075420091,4039176.9961443054
-2028812.4722896512,-4484413.750193401,4045546.9202265865
-2036921.6131519803,-4479287.805329789,4047139.836769676
-2040007.0114588062,-4481746.478940625,4042890.2147864727
-2034689.2313032064,-4483294.9465547055,4043846.614460857
-2034927.4599738754,-4485492.103328476,4041306.5315094744
-2029123.2727756905,-4484695.9416668685,4045081.340183968
-2034640.8348846938,-4489426.88666934,4037107.763900268
-2036649.7122078754,-4487532.8535486385,4038193.1576415375
-2038428.8273787226,-4487476.377049637,4037363.7376963403
-2036815.2734066637,-4482867.903747949,4043253.7013319796
-2028688.2101485215,-4485225.262329609,4044715.1255899877
-2038815.3171516955,-4487842.235518085,4036765.9039815264
-2039569.7501493765,-4480430.279237846,4044558.1044480023
-2031905.3972033428,-4488626.192500924,4039359.973884899
-2037509.7053818607,-4483871.334513905,4041800.688016653
-2037645.2104820076,-4489632.615941324,4035375.002320227
-2039367.0295216949,-4478479.900820835,4046804.6573873814
-2033589.9757366974,-4484314.13737315,4043273.3092615306
-2034088.9781372119,-4482120.80949642,4045439.1071731234
-2032594.2053632718,-4484919.316901358,4043103.9155296814
-2035087.0344530677,-4484417.187525855,4042411.4988519377
-2031283.115761429,-4483241.120634941,4045606.4228319568
-2035191.686893674,-4478729.464070513,4048617.829032226
-2033235.1822385062,-4485979.333211874,4041615.389091327
-2040705.600762279,-4481053.511613931,4043302.979735207
-2037090.4492257407,-4480269.238555922,4045976.181799289
-2035516.9632499274,-4482289.297906978,4044540.126529398
-2043901.009509739,-4485962.730408853,4036286.4019257748
-2037745.41123717,-4486721.57424908,4038539.5189496498
-2036688.303144877,-4484234.25243432,4041811.9768168987
-2034644.0247072275,-4485713.739076874,4041203.928195665
-2040135.230406293,-4479157.178145978,4045675.3242763146
-2028675.7451031045,-4487204.835774582,4042539.792020226
-2031961.9075047683,-4482411.852922922,4046180.527095243
-2037904.0956108896,-4480772.422659351,4045015.571342288
-2040719.4356912242,-4486570.403661608,4037214.4590577134
-2037500.6872348567,-4486148.862152849,4039294.0671995347
-2033883.9833034133,-4488874.936775968,4038096.1065633483
-2041608.356246261,-4487903.266192893,4035296.0640740716
-2038207.8729334546,-4481144.203493324,4044454.4080574824
-2033278.3478446482,-4485470.168537687,4042155.114353545
-2033836.9271690694,-4484824.086276378,4042588.048160585
-2035077.06477125,-4488502.558076123,4037910.185303509
-2033975.4795588243,-4483006.7158769425,4044520.625451881
-2034298.610053815,-4490537.6209022915,4036051.866627715
-2034677.3129156788,-4484239.318790063,4042812.3384392913
-2034376.9238003208,-4487180.4457839215,4039719.8205797723
-2039113.0948161974,-4490907.77921331,4033228.51262232
-2039851.1573114695,-4485759.195233275,4038545.4888459765
-2035551.7833843965,-4484071.763803894,4042559.6789558586
-2029796.7680138794,-4488236.468776863,4040842.905327755
-2036683.396091006,-4485959.580708469,4039912.2464485243
-2035671.0594308395,-4491762.206698902,4034010.441850405
-2039741.3223803076,-4486756.725255805,4037499.757920943
-2028936.0866489199,-4486051.51912491,4043681.29549198
-2032935.9341938384,-4486146.928000093,4041580.1347381105
-2038799.12683483,-4489345.381999273,4035113.483066763
-2034881.960243241,-4484255.545416855,4042692.147403168
-2034792.4553694208,-4484972.619195338,4041946.6921405476
-2033016.859841815,-4489020.4597532805,4038369.14153758
-2037431.7977942217,-4487375.55691327,4037974.90051982
-2039355.3935724208,-4489438.083755969,4034731.7982016113
-2030582.3886592097,-4484944.705504603,4044079.959972993
-2032572.4458225814,-4487685.666934456,4040064.58962792
-2036655.7024892736,-4484984.0932133235,4041001.792371905
-2035229.689296373,-4486043.1868735,4040547.6876823264
-2040725.6306213366,-4479274.756023988,4045250.220807223
-2040172.3167779506,-4490381.932543754,4033278.0040299552
-2032746.9876125243,-4485302.252212459,4042605.6314078616
-2039165.0275586434,-4483280.848966074,4041622.1113808276
-2035232.063472088,-4487558.163279267,4038875.1165146963
-2037925.328195634,-4478704.036564313,4047279.659654722
-2029311.0340737258,-4484532.515640231,4045167.7501720465
-2037899.234123212,-4483106.896603174,4042447.8672851976
-2033370.5397349168,-4487006.569107973,4040414.892840517
-2038176.0044515666,-4488081.091902054,4036822.8080848497
-2041605.1201626204,-4489434.165705831,4033605.8343597716
-2032114.7833513273,-4484142.604945668,4044198.894166464
-2038783.8205456515,-4479060.286256764,4046458.50085564
-2035588.9271843613,-4485744.877977668,4040696.9032287034
-2036004.4310060153,-4484196.186915505,4042196.1506214254
-2041401.2088411492,-4480206.932271695,4043886.0133170476
-2037010.04736141,-4485786.032196082,4039940.0738215856
-2039409.5971604588,-4490526.559314133,4033501.2115492593
-2042781.1536198023,-4484816.744054381,4038114.0862660883
-2040942.7945573987,-4484962.71653921,4038876.316881743
-2029670.2462530984,-4485978.472111417,4043395.8117043776
-2039623.9763402995,-4485635.882617705,4038795.504154421
-2034702.962357383,-4485972.378343436,4040889.265489723
-2040044.2880034144,-4479885.579154715,4044919.6908978457
-2036102.3920007455,-4486917.136749033,4039146.8032206846
-2036871.9698861523,-4491299.656564961,4033919.8709517056
-2042803.3154059984,-4488580.775876418,4033946.6197511777
-2036792.9703247028,-4482076.518565818,4044136.246666453
-2042474.1870303054,-4483455.40274552,4039769.57121852
-2033553.2932888803,-4488478.824298607,4038698.858251211
-2035890.2979773425,-4488979.17548744,4036976.589928441
-2034590.6338714727,-4486395.411965036,4040478.917593828
-2036538.4082430585,-4484367.316677093,4041740.356876381
-2037742.5863417163,-4481372.278616973,4044436.277777283
-2042956.8415851525,-4488091.916476064,4034409.6494482616
-2035528.3563144275,-4484597.8692555055,4041991.663245207
-2039564.6006113593,-4478487.069288983,4046697.872520504
-2041442.6824235353,-4485896.868302968,4037594.6758160973
-2040457.1649814413,-4484580.640530559,4039541.409394976
-2041591.470832804,-4479633.506683084,4044421.573741059
-2036895.4405045793,-4482663.379401634,4043438.8209652277
-2033757.4252693818,-4482779.679143335,4044879.488912895
-2029610.3129866857,-4485750.205193628,4043677.2362137907
-2030587.6968443329,-4484449.813817583,4044622.4151089247
-2035012.9001258528,-4480789.480749947,4046442.3780207955
-2037838.4890775755,-4484628.74403711,4040801.2194461315
-2039361.8041023524,-4481321.2408473445,4043681.6939575393
-2037487.6941179826,-4487070.991568761,4038283.058576163
-2037872.037456345,-4487163.187356009,4037988.652457982
-2036862.8625619218,-4479787.205472639,4046620.1173454756
-2029004.40856686,-4486846.964570994,4042770.503666844
-2036369.4838122001,-4486648.846355214,4039309.082355743
-2032330.6901523296,-4486723.2249097545,4041247.031196512
-2032053.074400369,-4482530.927412313,4046004.0141023705
-2039064.1548024246,-4482716.40083486,4042294.5081506036
-2036207.7853430386,-4484592.159618327,4041658.0177914044
-2034100.5152963158,-4483788.119089038,4043597.6616616896
-2040478.2008391765,-4481930.718690667,4042451.1205542693
-2040337.949304227,-4489812.19645659,4033824.7625642633
-2038876.8949865848,-4482328.26727947,4042815.82086479
-2028902.1561376848,-4484548.40703987,4045353.9719602605
-2035876.3873610022,-4485943.097954443,4040334.4473627238
-2040890.2794325862,-4478852.906074649,4045631.6574747744
-2035765.589402847,-4482381.744988828,4044314.054449303
-2043265.535415018,-4487737.400101042,4034646.0875872066
-2034552.3158520393,-4487424.2663654415,4039363.043651323
-2032343.58964871,-4488740.827846412,4039014.453831908
-2036837.3289579626,-4484899.55940254,4041004.054325357
-2038593.8201898523,-4490550.932892708,4033883.8684860747
-2036672.2053203061,-4483691.784032823,4042417.7725407924
-2039690.9944901292,-4485464.559275275,4038950.883413108
-2028848.9296331687,-4487934.205279845,4041649.117687849
-2040291.7733205543,-4487153.195237358,4036785.774991343
-2034768.3871775123,-4480813.377357082,4046538.2309231735
-2039704.3165156737,-4483783.008030234,4040798.3823812534
-2035017.1833191067,-4489767.661860883,4036542.8686005324
-2037504.6088739166,-4484033.364033624,4041624.684509859
-2037639.8783569543,-4481912.594958845,4043892.924006719
-2032424.644010621,-4486101.597261354,4041885.531544716
-2042860.0024591815,-4488289.353355591,4034240.1801055935
-2039891.5863137068,-4483312.753873702,4041222.746612342
-2039053.7350465113,-4480478.121648095,4044763.894706349
-2039364.632418394,-4478828.862119463,4046422.223639501
-2030799.5191317317,-4485121.321308793,4043777.086094014
-2035010.3992148198,-4483003.051140983,4044007.5219098097
-2029970.951949837,-4483395.646733885,4046090.5066354005
-2035903.1618413539,-4487369.98973411,4038746.823076366
-2038250.0493298047,-4487371.18141804,4037569.52753689
-2032099.157682837,-4488264.529357772,4039662.32593009
-2039932.128087405,-4483075.134502908,4041464.25442303
-2041398.805201421,-4489710.822791003,4033403.681169695
-2038887.747442236,-4487549.843347172,4037052.4348623073
-2037161.4489307697,-4484810.186666999,4040940.289389576
-2032830.5102733907,-4487937.568353868,4039657.6505014636
-2036263.5925568352,-4482606.858388837,4043817.1604104717
-2037037.0465119567,-4487662.229026368,4037856.2704607174
-2034749.0247703097,-4484332.484031314,4042673.8383979136
-2038842.200410706,-4478818.951390825,4046694.6167634614
-2036802.762494161,-4486332.132952864,4039441.5083333845
-2032807.4004907794,-4484372.91507879,4043599.4345414997
-2037831.9730203622,-4490788.2846282665,4034003.7709081816
-2035378.6091803978,-4484133.743375059,4042578.0010317657
-2034200.1629591822,-4486565.413711359,4040486.7015193924
-2035205.3090274783,-4479188.093877859,4048107.011512164
-2034687.4336367466,-4484843.831683907,4042141.1473043915
-2035750.196853143,-4484290.230708277,4042219.7101864256
-2035998.2863211655,-4481392.877082292,4045286.107492934
-2040571.1513541043,-4485456.38937068,4038518.268344267
-2035480.6066666062,-4489242.343826119,4036891.1131114606
-2031500.4250483874,-4486640.935670316,4041752.406157548
-2030499.4378845675,-4482380.567808353,4046944.144617371
-2037866.6347438192,-4488608.612244503,4036395.3292617006
-2034497.2175658771,-4488102.661598925,4038641.887025233
-2039149.6188013214,-4479609.492128212,4045671.446855424
-2041263.832341082,-4483740.430616046,4040063.00507696
-2038754.6279836348,-4481040.475921818,4044294.83117667
-2037014.883192206,-4484302.647856736,4041573.1179669746
-2032877.176594417,-4479723.634770823,4048680.312441922
-2029500.3962035982,-4488348.476824593,4040867.1933762557
-2035653.304599249,-4483727.380921523,4042888.311326656
-2033528.52405463,-4486004.110879509,4041441.4715986527
-2039213.9413773306,-4486685.173433547,4037843.3390843095
-2032613.365105828,-4480693.094046807,4047746.162384355
-2039186.5589544713,-4482545.7791352235,4042421.1145757227
-2034161.0067204272,-4488488.717893067,4038383.9325883277
-2038054.4022457807,-4485756.044842797,4039449.9255697294
-2040946.2909762512,-4488187.141756629,4035315.119476605
-2041316.7408091696,-4480368.457577193,4043750.6063959035
-2033934.794244656,-4486936.388443942,4040210.1990648
-2035026.7036420046,-4481249.7104155775,4045929.2037299033
-2033514.0451435621,-4484040.012618759,4043613.210828968
-2038196.5174221294,-4483851.125603754,4041478.975162221
-2029198.736567054,-4487886.515943787,4041527.278614178
-2039931.7472745806,-4490524.197412238,4033241.540097033
-2043408.9174736652,-4484667.32488054,4037963.425072563
-2034832.1465002059,-4484329.9529306255,4042635.06955546
-2039327.7506722072,-4487248.439202359,4037164.460472311
-2034396.8492338706,-4491135.944091371,4035341.331502775
-2036814.4731000024,-4486059.960632273,4039735.8833569377
-2036095.8275048,-4488132.663738273,4037808.4461332825
-2032065.327474889,-4485337.5647151,4042907.111476107
-2039190.8734628616,-4478488.1821500715,4046883.7282785024
-2028856.0922347326,-4487189.328250198,4042466.9871804984
-2037332.0459933777,-4485593.302838702,4039991.3519822666
-2040757.7623811911,-4488007.107857199,4035608.7131069633
-2039552.7065222107,-4485158.905605454,4039357.3903806894
-2038812.5970070024,-4478474.429980118,4047088.157202922
-2031466.182431206,-4488564.625669146,4039647.3541035233
-2035641.069930424,-4484101.600779874,4042482.1453631553
-2038086.9489233037,-4482148.538597193,4043409.3510003276
-2037409.6015724614,-4482486.366031197,4043376.435649636
-2034732.5501639002,-4487169.96698529,4039553.4706089995
-2043507.8349802918,-4486407.147221473,4035993.4888968966
-2038968.9346170458,-4490594.996831803,4033646.8179947166
-2038270.3632173766,-4484411.735010581,4040824.08018731
-2035460.1006530598,-4488109.369878804,4038152.5248622326
-2039204.9090874942,-4484690.8091976,4040048.0032694642
-2030087.7910054086,-4486876.9677239815,4042197.1486898744
-2038898.2748369302,-4490963.548760314,4033274.7052383656
-2038588.6557646387,-4480360.090981193,4045126.6079391628
-2042076.6862670546,-4483696.206622648,4039703.7095620437
-2038964.4139244219,-4486631.680118014,4038027.54298853
-2033463.7904575928,-4487373.14554482,4039963.8649532218
-2033998.2654170222,-4484754.061056403,4042584.5835487205
-2037400.4489005976,-4490070.27259842,4035014.0549830687
-2031593.4939328833,-4488268.565843517,4039910.4972957554
-2033688.5195434957,-4484984.112263289,4042485.8618252883
-2043204.272020302,-4486664.009595796,4035862.521837435
-2033806.0169405742,-4488356.813731019,4038707.1406333963
-2030340.8680807073,-4482468.891614983,4046925.995912145
-2038836.913916495,-4482635.229992725,4042497.7686455217
-2036602.5447778862,-4485698.872494454,4040240.267200328
-2035020.1825349526,-4480317.466401239,4046957.8624464106
-2039870.75555928,-4483649.394291313,4040862.1931545036
-2032111.6131087702,-4486312.613690646,4041809.2242016755
-2036009.390324332,-4488727.18969009,4037195.24115399
-2033311.3806332808,-4483460.622173097,4044352.5310867853
-2035755.6085973294,-4487549.22930175,4038622.8806351083
-2042268.590411026,-4480258.789569403,4043393.888649352
-2038432.6591411259,-4491173.287149474,4033276.4994196985
-2031210.9708871853,-4486853.486619057,4041662.535552933
-2039031.64474389,-4485253.900031164,4039513.914126884
-2035643.541890645,-4480823.893908825,4046089.425590262
-2038232.4965799432,-4488523.625996937,4036305.708482184
-2036425.7616194875,-4485847.330371517,4040165.0532722035
-2033107.8108852236,-4484638.2189273,4043157.1241152417
-2032151.5149826948,-4480205.436991613,4048512.608743984
-2030521.8197962025,-4488178.043812468,4040545.518073492
-2038626.799965241,-4483516.845333174,4041631.77605834
-2038318.6532027451,-4481784.104870513,4043694.582530518
-2032486.8386867738,-4485926.524531724,4042047.472668426
-2034418.2613259593,-4483067.978702013,4044231.957276852
-2033520.6512207738,-4479404.4926720485,4048710.073566115
-2034073.0272398836,-4487449.245771058,4039575.238411546
-2041081.5513973285,-4482676.169657842,4041327.378626243
-2036168.2380313892,-4491256.214203009,4034320.7956445026
-2034905.594255769,-4485922.637613925,4040842.761636435
-2029688.589255959,-4483797.959514475,4045788.3706680853
-2038082.7130417612,-4483962.053735645,4041413.7347373106
-2033922.2667653186,-4484930.728406721,4042427.879072027
-2035955.5429935977,-4492017.856187401,4033585.050324786
-2028929.0730793464,-4488522.844548072,4040959.7907340736
-2035581.760602775,-4484389.894649955,4042194.14229183
-2041361.6011135885,-4488425.9241920505,4034842.6145323683
-2038086.8515181923,-4482798.887171504,4042693.193068061
-2039932.5732944547,-4484469.2318364205,4039927.4193716827
-2038389.0879643776,-4478816.899772249,4046923.6039378624
-2035052.5116312113,-4484202.228021358,4042665.6163756093
-2029090.04892182,-4486565.814591952,4043037.7347853826
-2037400.0572866779,-4485180.69861862,4040412.288181423
-2038404.9088231642,-4487033.635416308,4037864.4859508253
-2036955.7248371318,-4483692.921186181,4042274.6189837297
-2033917.5732202497,-4483405.841682726,4044110.074445544
-2034822.1898863115,-4483387.825497494,4043677.8733794177
-2042368.971108305,-4488921.222805386,4033788.7796850638
-2032494.7592213936,-4488613.341711021,4039079.625293682
-2036624.6786325094,-4482960.603937679,4043246.975163348
-2033646.3718193078,-4488999.402935033,4038077.5409184974
-2038286.7855023204,-4489776.609747759,4034893.997168343
-2034973.5246615494,-4485756.281441115,4040992.218697224
-2032413.0571090684,-4484963.895935963,4043145.2509101885
-2043705.8846039374,-4484528.084606861,4037967.7464726944
-2038248.108240414,-4480762.750717964,4044854.039956956
-2040989.7848469266,-4484800.612486744,4039031.527402208
-2035774.6073899092,-4478809.203445589,4048239.0825391924
-2036564.5858537075,-4485081.461003965,4040940.062659293
-2031569.0461101732,-4485696.098521574,4042759.7292371634
-2038366.1125274259,-4480590.251813123,4044984.77675388
-2040532.170485093,-4487362.5690606,4036433.882405686
-2034790.842887645,-4491455.5040310025,4034790.687484432
-2032879.8737420228,-4483729.997807684,4044271.3640483376
-2039352.4745659493,-4485832.140178026,4038715.1703653233
-2037301.38116131,-4483509.506804155,4042303.666744206
-2039865.8416546786,-4480507.52131128,4044324.7803312642
-2042255.5040094333,-4486204.900775941,4036846.350855094
-2041796.5853674654,-4481069.172412692,4042738.605517774
-2033281.0632427156,-4480466.860517153,4047661.8090917463
-2036052.5210239156,-4485604.632994501,4040619.54097845
-2034017.7407487512,-4486150.542346484,4041035.4565859884
-2037310.778678142,-4481822.987248667,4044156.267362298
-2028531.714831592,-4486923.546823986,4042921.697096717
-2039621.7188422978,-4490126.6807860825,4033836.8459322597
-2038770.840074456,-4484021.540572795,4041003.3965341053
-2037400.004059991,-4485323.509386723,4040254.8388765836
-2034117.205178061,-4490142.848039096,4036578.918201538
-2038415.4594607158,-4486812.262823928,4038103.5338444766
-2041234.7145568447,-4486332.801275866,4037217.982133755
-2034023.3071902145,-4488633.139595242,4038293.3784704343
-2033787.9632705397,-4486865.357489254,4040361.973241877
-2040372.2663176132,-4482145.467131032,4042267.7216808014
-2030466.2586688595,-4482809.357305999,4046488.884907435
-2035009.5006707597,-4481029.357410434,4046180.213230456
-2039116.9461619486,-4483488.640657115,4041417.241250364
-2040790.8753684547,-4479015.699482231,4045502.441716396
-2038540.447069703,-4487172.674140706,4037643.03914987
-2043256.6046204423,-4488023.715967146,4034334.2201826936
-2035646.8746459382,-4483431.830673092,4043217.086693304
-2036505.1418246506,-4484212.962163683,4041927.1118143513
-2028654.1645268027,-4487454.39897777,4042275.3726720465
-2036528.2093011006,-4487122.810092788,4038706.5923901107
-2037668.6484321936,-4478496.478730171,4047636.157001
-2033268.3616762185,-4484964.0085000405,4042717.9463603753
-2039499.4144586711,-4485327.9099563975,4039197.710988729
-2033894.5118713905,-4485515.213734501,4041797.533203972
-2041701.8197622634,-4489549.68820199,4033429.4939688025
-2041805.8549320681,-4480190.352437215,4043701.331747829
-2040988.7790746815,-4487049.624013797,4036550.13643458
-2035521.5711921186,-4485916.11904169,4040541.771517399
-2032787.2790372085,-4489047.652633312,4038453.9122362724
-2040674.0551710601,-4485528.796234276,4038386.7354526524
-2034750.370689435,-4485140.059575083,4041783.180007284
-2036925.3433651156,-4489886.679943372,4035455.218936668
-2031515.3930954349,-4486434.335331362,4041972.7284743455
-2036505.7942341757,-4478519.197460422,4048192.472328948
-2028751.4022374682,-4486724.175989682,4043031.9798686784
-2037042.4298022008,-4482467.533921166,4043580.9267282104
-2034884.4076577437,-4482467.7061912855,4044659.896162779
-2035899.4499280998,-4479230.895059842,4047713.243819313
-2039496.6902613228,-4484987.4674319625,4039574.5598555263
-2037673.0887706093,-4481203.621202628,4044656.6763219093
-2039560.5330327377,-4486039.196461379,4038382.350017294
-2029238.4105915544,-4484403.08452208,4045346.4611402224
-2036391.418487512,-4483648.111265507,4042606.3948776764
-2037388.5841117064,-4480836.609666438,4045202.8877831087
-2042547.855298826,-4482559.130158887,4040720.4156852365
-2033923.9245391302,-4486449.704169674,4040752.4486455773
-2040439.925954628,-4488430.642711235,4035300.455613428
-2035353.56799514,-4488926.894475645,4037303.153674145
-2028869.502103844,-4488406.682980763,4041117.659132034
-2037281.8458412827,-4482002.0763891,4043973.5947937574
-2036506.0601209684,-4486293.193878301,4039633.054958954
-2035803.9777444515,-4483810.692486808,4042721.168294738
-2031706.166095062,-4480966.891449442,4047897.504565926
-2034935.1061157666,-4488489.401549084,4037995.7759827217
-2036213.5908928493,-4486764.733838881,4039259.282834468
-2040915.5304850093,-4490077.10927162,4033241.5956706065
-2032680.3968220227,-4488942.0328303,4038623.9644971713
-2034064.6428786884,-4484598.744867173,4042722.5550386906
-2036544.0778327712,-4484338.095272029,4041769.723579682
-2040152.690740873,-4486938.037974844,4037093.1414065347
-2036893.0394784044,-4485256.59985247,4040582.51518809
-2041807.3492605248,-4488916.581381032,4034076.3157992903
-2041078.4666545005,-4483677.2838214,4040225.6398211275
-2029355.553128152,-4488555.654532818,4040710.8619205747
-2037010.3740812626,-4484976.518218402,4040832.566995168
-2037912.4490491883,-4478334.860750662,4047691.857976875
-2037974.963561655,-4484650.600435169,4040708.755785856
-2034915.8454069165,-4482194.803134765,4044944.58517117
-2032342.480883624,-4484768.42842295,4043395.854030503
-2038679.0507416143,-4482102.670162463,4043163.352927535
-2035080.3620640556,-4488622.942457286,4037775.6080404264
-2028522.700843601,-4485765.262881272,4044202.707635835
-2037780.7760770859,-4487253.568539381,4037934.6363993874
-2040291.5237049665,-4478655.54040123,4046148.6450285073
-2030172.0583659625,-4482935.840422076,4046496.3259060155
-2035564.5498242273,-4483099.155745462,4043624.649411578
-2036657.7523637025,-4480862.925582823,4045539.477254407
-2040199.2743472077,-4486216.851516151,4037865.8020161064
-2033096.7674536095,-4489586.359990861,4037704.247904068
-2035777.9109215406,-4487257.126170427,4038934.091944459
-2037141.0478337936,-4484263.515351034,4041553.081075679
-2043685.4822373793,-4485530.284820848,4036872.1463825298
-2038428.4880025312,-4485924.969149376,4039076.077603156
-2041599.1172271015,-4482479.225075491,4041284.683008891
-2035854.3970275538,-4479871.231826204,4047031.7854554253
-2042987.8958141508,-4488244.934272704,4034224.9362298786
-2039802.0199987772,-4482035.429416169,4042674.7659128667
-2036756.8381400288,-4483548.923397611,4042532.807695246
-2034300.8437077452,-4484603.52868611,4042599.227856014
-2030054.8586950935,-4483173.75776224,4046292.9048332097
-2038587.8344076958,-4481378.132205984,4044006.7063187347
-2032412.6265492756,-4487565.701576941,4040276.811883722
-2035785.3044821345,-4482513.770592215,4044158.844906279
-2037366.6374079392,-4480226.417478874,4045885.1452056356
-2039252.5179811483,-4488799.363582983,4035489.2722974946
-2041310.85547447,-4479049.354304162,4045204.832336155
-2038482.9465044239,-4485132.194979739,4039923.198381471
-2032171.9384747308,-4484300.818428135,4043996.1081851963
-2041263.418084486,-4482915.426935118,4040972.504309773
-2040031.720973654,-4486347.379890568,4037805.837342671
-2034571.2799604293,-4481331.952118528,4046066.2308036806
-2028799.0191023522,-4488185.998678926,4041396.2627692204
-2038834.8262017088,-4486937.285919845,4037755.2319148686
-2036040.608820335,-4487488.36655192,4038547.345929597
-2037450.2726797771,-4488585.926420014,4036629.162747348
-2034815.401543193,-4484906.857249782,4042007.6984192515
-2037327.2804432237,-4479825.463546013,4046345.8116017473
-2032992.1567043352,-4483505.9239522945,4044462.0493774307
-2039361.681366651,-4480602.460887568,4044472.85555376
-2043330.0944311686,-4487515.441892509,4034858.8314521075
-2034553.3839962957,-4484742.111748735,4042320.269825529
-2035798.1598333982,-4487822.061273764,4038300.422468831
-2042512.7755284207,-4483832.902975183,4039333.993612917
-2036808.0092717712,-4480751.275775195,4045587.1709951647
-2039893.200810636,-4478535.227684913,4046480.404415086
-2040265.1640303845,-4486733.654984589,4037262.309672125
-2037169.525844137,-4484052.760768566,4041771.086970292
-2031937.0361807807,-4486016.268507171,4042223.108293662
-2042537.7696775137,-4488832.656996909,4033801.7809537193
-2037172.9163353834,-4481471.528306657,4044612.0976281757
-2035605.8477360122,-4483907.745215284,4042713.345963932
-2035745.672602588,-4483875.334962585,4042679.115920916
-2033247.6993914256,-4486874.384133191,4040622.103248867
-2038139.939222433,-4486927.572598779,4038114.407979129
-2029899.9127780325,-4486919.804556996,4042243.6382339136
-2034221.4181014784,-4482399.028427472,4045066.7437937856
-2038334.0894754063,-4483584.761969428,4041703.5834238445
-2036178.6947962316,-4491970.123962805,4033525.962660403
-2034915.4070955166,-4486181.50307566,4040552.3794518253
-2030716.4124323097,-4483157.34584355,4045981.2162403325
-2035278.2220817527,-4478879.49948184,4048409.747053683
-2040804.8412364295,-4483182.765213371,4040907.9741053046
-2035333.7388729649,-4485581.966973551,4041004.2204335253
-2032444.5370320482,-4488469.229529403,4039263.800752087
-2034060.0200025523,-4483184.037332138,4044283.1528394083
-2036525.4052735355,-4488791.035242918,4036866.1919980855
-2041449.5888652499,-4481154.166608992,4042819.0886040814
-2037848.0492239103,-4486130.600338944,4039140.152027879
-2042693.2414835608,-4488298.112298323,4034314.3757890635
-2036090.0683285308,-4482077.605303267,4044486.615507157
-2030092.7835861503,-4488152.682334314,4040787.6341508185
-2036639.4209459294,-4485518.155672244,4040421.093887328
-2032974.8525333388,-4479820.3434477,4048525.3028143914
-2038456.1258586545,-4484395.451633393,4040748.9499984644
-2036527.3473831478,-4484525.803759997,4041571.2194592776
-2031376.7546181628,-4485726.703159228,4042821.977278749
-2040050.2978475867,-4480613.6229164675,4044115.598431249
-2032829.1053524814,-4485424.38460629,4042430.0099918814
-2037638.722195684,-4478360.743823739,4047800.294419026
-2035713.9824691343,-4486447.027643635,4039859.907676269
-2038744.9716897942,-4490064.4991098335,4034345.812099673
-2028826.3910185788,-4486566.6242307555,4043168.2688060706
-2035912.650094154,-4482144.596171444,4044501.58777577
-2039681.9941998797,-4484815.922072405,4039670.8066000086
-2040475.4468807084,-4482237.108247325,4042115.050258873
-2040585.1626636514,-4488839.957398587,4034775.220814864
-2040580.655110222,-4481734.575740409,4042615.7536464124
-2036935.8259828892,-4486708.69161107,4038959.395477044
-2035801.7123259772,-4481475.43826684,4045293.5260677654
-2043872.3280734133,-4485328.685539262,4037000.6823855317
-2033047.1093391925,-4488438.314923316,4038996.7015044247
-2034296.925525871,-4484435.725984811,4042786.082442877
-2035166.8727092526,-4479401.323732456,4047891.837165877
-2040431.6249148785,-4483968.287849735,4040229.3854244067
-2039463.8842453633,-4482988.1054469105,4041794.8703256175
-2043877.2459442853,-4484979.81738478,4037383.1936043804
-2037557.3531594016,-4483775.917795728,4041881.9713264424
-2039562.1012149975,-4479490.394998895,4045595.8993311515
-2035157.5628723435,-4484234.239449458,4042577.8156691305
-2042071.1903701026,-4489365.9258117145,4033446.9249868817
-2039255.7052518262,-4483577.721139475,4041249.5282218363
-2037877.9214418854,-4482402.5083019305,4043234.3463095776
-2039204.8737995368,-4481502.852022885,4043560.380897449
-2030461.6844242823,-4482213.677722848,4047146.5612281207
-2033417.430420584,-4483888.6849473035,4043828.1501432243
-2038329.1979266806,-4478550.286469128,4047246.637813113
-2033153.629283311,-4486658.219777681,4040907.5371671086
-2039725.2322107092,-4486133.1020249035,4038196.100758938
-2038710.5042979438,-4483658.125442342,4041434.1516091865
-2028823.314437068,-4485930.719956302,4043870.6104454803
-2036150.3862616464,-4478598.433260128,4048282.9799575345
-2034585.2093298892,-4483959.545999051,4043166.599978014
-2041761.869154083,-4480346.745626483,4043551.2719554636
-2040604.354701448,-4486213.638077303,4037666.019406239
-2035336.3908819621,-4483712.172908118,4043063.5513362573
-2032991.9258867537,-4488910.592355964,4038502.9165516496
-2040633.520214641,-4490205.718048869,4033241.114877195
-2038417.2573037422,-4482499.397279764,4042857.580168665
-2034765.6152274131,-4487694.330447081,4038958.280191235
-2041102.4759058852,-4483462.392810406,4040450.461016139
-2033266.9161194458,-4481303.426722155,4046748.858831421
-2030633.455816668,-4487291.491552755,4041467.767435271
-2036176.7207172639,-4487221.115688497,4038774.138817418
-2033803.395523886,-4485082.8631331595,4042319.6236134684
-2037743.0877422416,-4480199.622907596,4045726.2985316305
-2037253.880274172,-4488858.735323104,4036426.2840950103
-2043378.9705128316,-4487856.245778543,4034457.71004547
-2037716.1468153705,-4484558.138150047,4040940.3373229485
-2030461.0997952928,-4486165.071756783,4042795.7178588104
-2035826.6840079888,-4489189.279293249,4036776.380894766
-2034596.9976959962,-4482049.331409859,4045264.0067930445
-2035933.4204960356,-4487648.751242502,4038423.996001576
-2038301.8872281222,-4478358.239340892,4047471.380278213
-2031634.8286561193,-4485953.532716818,4042443.1445708447
-2041753.13564036,-4485098.70890531,4038319.449034412
-2037520.7462550213,-4483215.297985252,4042517.962443476
-2033765.1388754314,-4490680.247438969,4036161.289345686
-2038547.7350496931,-4489716.714306358,4034829.2493465575
-2038896.3477074937,-4482868.573993529,4042210.9582452844
-2035007.222393774,-4481730.308378217,4045410.1299080485
-2031013.3281196181,-4485167.456771169,4043619.5918236654
-2040070.1015143753,-4484650.847536957,4039658.1739417994
-2035265.463736541,-4484237.394726805,4042520.3802005043
-2028746.8726302169,-4488010.188800596,4041616.194763298
-2037791.5343127062,-4481224.671731977,4044574.234467841
-2038370.8645765106,-4488393.009563063,4036380.576897893
-2033124.5079390644,-4483466.546973969,4044439.323827378
-2036766.947606662,-4486440.513710444,4039339.877967444
-2035946.2680941403,-4479487.540892747,4047407.72761889
-2028578.6358671826,-4487298.199352971,4042485.2561284495
-2035124.4351777507,-4482741.495341221,4044238.512990899
-2037940.3418117072,-4485283.992281843,4040027.7177545344
-2033063.3157786008,-4489480.6731871255,4037837.7036415297
-2034554.616357727,-4484451.675590697,4042639.697895166
-2037856.3795743808,-4484785.412445155,4040619.5375929615
-2041864.1976168354,-4489370.552070913,4033545.8996056495
-2031591.336096659,-4488700.687543954,4039434.6576416884
-2036546.9128735438,-4488241.768661597,4037462.002410656
-2036035.6522866278,-4484890.384148359,4041415.4440698763
-2039729.6313887911,-4479411.354051452,4045598.9335206635
-2039775.476874469,-4487334.10649852,4036845.191418958
-2029110.4382802353,-4484022.597651036,4045829.1365131447
-2034180.2746765858,-4484019.366510804,4043303.084610934
-2034180.0004223278,-4490871.196593389,4035742.567659121
-2033237.7418117528,-4487069.456662386,4040411.9033205076
-2039433.7195308267,-4490715.741624929,4033279.87744436
-2033321.052834038,-4486337.190220955,4041177.8944913056
-2035732.889149305,-4486262.067722436,4040054.466951071
-2035815.236459031,-4482665.9149366245,4043976.364259286
-2040904.9344071914,-4487401.870909698,4036203.2769016866
-2039063.3257337396,-4478396.749448253,4047048.0689367307
-2029200.9497011765,-4485678.805755277,4043959.973484539
-2037978.274787414,-4485950.524238302,4039273.5470251404
-2036534.0337436274,-4481394.445956534,4045016.4990467513
-2033761.7838857926,-4484411.385869092,4043080.331647032
-2033178.5548055242,-4487604.612364168,4039851.075485218
-2033250.850967963,-4482744.268818902,4045171.4278653865
-2036321.6801217673,-4483169.321339294,4043168.692574572
-2031655.536933185,-4488874.541800641,4039210.6767744846
-2037766.528860062,-4491360.541742085,4033403.731914217
-2038502.2528891936,-4486194.585238784,4038741.635797003
-2029780.2105581404,-4484697.811029558,4044751.8826470985
-2038357.1369947018,-4485478.413984727,4039604.4250983945
-2030748.2463087603,-4486500.448219868,4042282.743378449
-2033985.7553178559,-4479471.773350258,4048404.053663014
-2040136.9754346039,-4481864.887694532,4042694.682905263
-2036077.3838901834,-4486104.415456733,4040055.917145352
-2034570.1796018227,-4486863.264690374,4039973.0804971033
-2040382.1380701829,-4478671.140989211,4046086.1039229115
-2036982.690283865,-4484352.053900306,4041534.783187729
-2042560.0811847209,-4488672.496823587,4033967.5865434557
-2036763.1028125104,-4481588.43758052,4044688.4365580333
-2035075.1641535393,-4486148.642277652,4040508.6978807775
-2029080.9308614638,-4488220.680260312,4041217.417093889
-2039551.1662645952,-4489651.891935761,4034397.1711626076
-2036438.7520463993,-4487550.738754935,4038279.093902875
-2034263.0801907873,-4485205.767816004,4041954.392982526
-2041665.9972777537,-4479658.694311802,4044356.4925754685
-2033051.3937061587,-4482378.283222947,4045673.8194052693
-2036782.722763185,-4488812.171633142,4036713.892411663
-2032023.2157889532,-4486405.306557103,4041751.1697794604
-2039529.7967850452,-4483834.650939958,4040828.961359544
-2036337.307509704,-4484556.763947006,4041632.210197317
-2038195.2961268409,-4483278.615252563,4042110.4225801216
-2028703.7083156372,-4485389.917311986,4044526.030907522
-2032441.4470142205,-4488835.5523539055,4038860.971367142
-2038233.950979347,-4487270.808766481,4037688.404899692
-2037249.3018492535,-4487432.322859882,4038003.6997855823
-2039956.9817940763,-4490376.204371636,4033392.526318355
-2034653.1750628666,-4484927.018632631,4042066.5948788137
-2033291.2810577305,-4490022.08608371,4037125.6427432178
-2042018.11672902,-4484168.91089824,4039211.9140109518
-2036932.3150996978,-4483211.315247637,4042816.8939583814
-2029718.533632984,-4488385.228081215,4040717.811805507
-2039907.2203601312,-4487955.970799743,4036092.313907277
-2035302.429729569,-4486433.180139978,4040081.1525342665
-2036862.6724550773,-4480307.3435433805,4046048.176636741
-2042487.208566529,-4485148.77292874,4037895.4699473497
-2035821.0390379874,-4488488.387410808,4037553.2998467432
-2036783.547036972,-4483832.679169188,4042206.812239932
-2036700.6594553874,-4479106.716286258,4047449.3605710054
-2042687.7903903467,-4484461.165024866,4038553.230569956
-2037530.2096524106,-4488193.720032215,4037022.2470857054
-2032569.6209093055,-4486969.994026033,4040855.5068608583
-2043190.4852332477,-4486404.365519471,4036156.1501100943
-2033615.2565913417,-4485224.393637716,4042257.6590832286
-2037666.7726365246,-4483985.486349303,4041596.239416494
-2040932.047696339,-4482093.002672432,4042044.7971353224
-2037686.5480773898,-4483089.536403953,4042573.4862734424
-2039097.9442393978,-4489490.430426215,4034803.189743158
-2039902.8154723071,-4480653.652751914,4044145.4412871036
-2036531.6592797183,-4486002.418315263,4039940.9790376793
-2041713.2337434364,-4489262.431376935,4033741.3340670513
-2028635.9027413023,-4486169.779594382,4043700.5734559554
-2034695.6489474562,-4489694.183232541,4036785.046028133
-2036925.7127426474,-4481973.3316543745,4044183.431491839
-2038113.9084039505,-4483897.045678473,4041469.75113704
-2031476.548832355,-4484390.380815591,4044244.4966359455
-2034761.276517468,-4479162.104402395,4048357.289567369
-2034723.6241748154,-4484693.431084272,4042288.802343875
-2037199.6897412555,-4480098.67160425,4046109.1531190486
-2040983.8249293326,-4479292.651154683,4045101.1465836237
-2037921.1243072944,-4486459.878642475,4038740.226544648
-2035049.6398257618,-4485624.405721305,4041099.5513163367
-2028891.3137260654,-4484735.374421568,4045153.485339163
-2032459.5948679994,-4487958.795896563,4039819.607279877
-2039073.7278399768,-4486401.26931914,4038226.997334005
-2035636.5009388553,-4489614.667738804,4036401.71107332
-2033730.7355820842,-4481854.613677376,4045910.93405439
-2030021.924518145,-4482831.193945785,4046686.294394455
-2035469.436358942,-4483405.529124969,4043334.7883688267
-2039315.4352138978,-4480737.826208877,4044347.055310726
-2033060.6608699537,-4487111.723404243,4040453.7891831654
-2037770.038714423,-4487433.882084356,4037740.973392239
-2041965.287636126,-4481594.138776591,4042075.8894169307
-2035387.6385302015,-4488365.301280386,4037906.244035988
-2039216.0421517703,-4484351.530896262,4040416.4888351993
-2041214.6881803076,-4489361.922340715,4033881.9689353425
-2033437.4171972943,-4485787.963791222,4041725.3080086135
-2039831.994502303,-4478701.297293289,4046328.4750076206
-2033128.775073014,-4482845.82090677,4045120.5896153487
-2035534.4113213427,-4484667.958607333,4041911.3891394534
-2033506.383396922,-4489736.389622228,4037333.6309575667
-2034979.8957793894,-4483082.064064279,4043935.7635522317
-2035871.256776972,-4483802.791781936,4042696.2185964147
-2040553.9646093054,-4487750.535547287,4035994.474635162
-2035300.1595474663,-4482666.119941722,4044233.661982223
-2037877.5536096927,-4483209.022379108,4042346.2208993463
-2039251.855049772,-4478642.358496734,4046683.7199634365
-2041699.2213929407,-4486498.082236175,4036802.2077557403
-2037496.7091741157,-4486845.162337302,4038527.7738868366
-2034594.2941991568,-4485225.56364188,4041766.975353023
-2036638.714012058,-4490850.949287205,4034533.023711487
-2031640.2782882974,-4487953.852199179,4040234.403620835
-2032027.3458576363,-4485042.537836905,4043251.1709166095
-2037147.7517514504,-4480641.35499362,4045538.181287398
-2039180.5068538454,-4490772.54192074,4033344.230023315
-2041069.7074397283,-4482874.065446506,4041115.2713193283
-2039748.4306022082,-4484417.335434248,4040076.992751903
-2036432.8256236403,-4487863.672023125,4037936.6151466225
-2031122.1904450082,-4485674.509876557,4043006.541985401
-2038047.226340994,-4484775.439865077,4040534.9189845533
-2036070.688836592,-4483950.280367116,4042433.9556259187
-2036385.4049812707,-4478462.86058385,4048314.5350923217
-2034215.2361006183,-4485827.580578952,4041292.8247003295
-2031230.9505081656,-4484077.990024887,4044711.0627980875
-2041064.6616394198,-4486495.840197751,4037123.4148260565
-2037933.3952416687,-4481324.834509537,4044392.9971870566
-2036067.3589490757,-4484547.37450842,4041777.6480309237
-2039764.5667505614,-4490584.766658043,4033258.5416155844
-2035591.38276238,-4486042.792550506,4040367.1362057086
-2043385.2725926957,-4483162.242094767,4039635.0827136403
-2039974.1739915512,-4481597.766225069,4043070.4187219627
-2036636.9921272064,-4483593.080153306,4042544.1375715467
-2036385.8944789371,-4486203.932675551,4039791.6902668136
-2042938.8225173126,-4488442.7441167375,4034031.0126111535
-2035646.7232713758,-4480660.781059526,4046267.258201313
-2031342.878696847,-4488691.2536455095,4039569.183528373
-2037148.2692483366,-4485922.64802008,4039720.158204259
-2029172.8833864247,-4487692.680973623,4041753.9634339977
-2034159.7638134663,-4484284.5570917865,4043021.1881691855
-2034309.7059584807,-4484578.155083074,4042622.757404969
-2039269.7271882659,-4482847.2999126,4042047.300447847
-2037058.8414553814,-4481883.688634773,4044215.506431579
-2042328.6145822115,-4485466.888977453,4037624.14292708
-2041116.3388258768,-4480359.264667419,4043861.2047031913
-2031778.5502042198,-4482806.378303004,4045837.818436263
-2035662.0891439202,-4482791.375071515,4043914.8010089574
-2035819.7819944033,-4491799.220705214,4033894.9518666174
-2034262.6311531093,-4484567.184163736,4042658.3760385932
-2038858.1102104306,-4485710.314058395,4039097.487027597
-2042453.8865297616,-4488983.159763495,4033677.606536746
-2035181.3358829392,-4484392.460697789,4042391.587754283
-2034991.0744241439,-4489882.816586923,4036428.7128030364
-2028696.6519314873,-4487017.290178547,4042736.143101049
-2035281.0620648616,-4487679.45636061,4038716.7199172704
-2039341.6069594498,-4486484.390631021,4038000.89462611
-2038621.5833399657,-4483257.709404505,4041919.9154484603
-2038183.8510736998,-4490719.822987687,4033902.8912039725
-2031607.710460209,-4487226.554384276,4041053.009336266
-2036972.2109713824,-4485748.876711653,4040000.0029756543
-2033021.657560471,-4487684.774212778,4039841.055953337
-2035227.8882975143,-4484376.024622302,4042386.4182338053
-2035600.062894402,-4478629.899063228,4048523.2997437636
-2029227.1757684606,-4488349.191063662,4041002.6987932655
-2038092.824526337,-4486363.386983545,4038760.633782705
-2034432.6423759025,-4490969.206599977,4035507.728993011
-2031785.3689372896,-4482037.836650941,4046680.1054155827
-2035299.914226523,-4483978.493405647,4042788.403253283
-2034999.0579285375,-4483968.375060954,4042949.985654608
-2036229.4568850182,-4485406.778251863,4040749.1437321045
-2031400.6156457982,-4484784.786281079,4043847.9415343236
-2037977.4779866314,-4480397.745516731,4045391.0752003784
-2040600.1884050479,-4478800.075317407,4045835.100459768
-2033724.4631461245,-4484957.090492136,4042497.679102313
-2031520.225275758,-4483357.195074369,4045360.381841256
-2036208.3011462018,-4484528.345180261,4041728.0926733543
-2040185.5530851046,-4482104.31340964,4042406.655957531
-2038515.939063216,-4484901.328301312,4040161.241925394
-2029072.7622719726,-4484199.306307805,4045653.361128458
-2034445.1583442944,-4480956.8108383035,4046541.896937616
-2036188.12800926,-4482303.29710163,4044189.125435577
-2040241.493686148,-4482323.132513453,4042137.600120961
-2035103.7704139086,-4480415.75249166,4046808.0239977227
-2032058.7697083447,-4487290.220499492,4040757.5018066014
-2030735.443895534,-4484840.040892596,4044118.9167439975
-2035862.911169355,-4484172.513412745,4042293.038028834
-2036561.0160699852,-4479972.7653258545,4046566.970791597
-2040831.5735002558,-4488172.372075155,4035389.066944446
-2038011.500558415,-4483801.345079868,4041626.5108706695
-2041475.391905694,-4480279.202626521,4043769.2802493223
-2032860.073615277,-4485672.37944762,4042141.19307973
-2035584.4876039657,-4481815.309317486,4045028.0868951427
-2040280.277476438,-4488714.332367183,4035067.187631684
-2030148.6810980337,-4488287.187481708,4040611.336037773
-2037188.5947587623,-4487346.537993579,4038128.8140629213
-2035576.9372521497,-4487778.52525319,4038459.2484134655
-2034966.188078123,-4486799.424180177,4039845.3875032184
-2029483.671387666,-4486217.896664438,4043224.971517378
-2036494.0856962963,-4491784.8305000225,4033572.7704391
-2033347.9944476406,-4484169.236249632,4043553.8126775348
-2039724.5487265117,-4486625.6113545485,4037652.8981495644
-2034079.3847970676,-4483882.5715015605,4043504.184163471
-2042351.7704778365,-4482788.029344149,4040566.628264565
-2036874.746146563,-4489659.218987531,4035731.952702987
-2034551.2002308597,-4488168.363360666,4038542.347654193
-2036079.2105308846,-4483318.850416315,4043125.291638959
-2041328.2274655085,-4489786.770788079,4033355.1871545166
-2036460.8149085569,-4484632.097181919,4041487.363868016
-2042273.028587861,-4480137.837004354,4043524.7819003826
-2040528.4942858596,-4486104.990642889,4037824.006079168
-2039497.836466509,-4481959.59718022,4042910.7119419863
-2038764.6713322252,-4485121.634462472,4039793.629748801
-2028759.8232267203,-4485635.09357312,4044227.972317451
-2036991.3557725723,-4478404.280011456,4048076.088096383
-2033054.4851581894,-4483976.976014218,4043912.171849919
-2036445.723507512,-4481161.0071975915,4045317.5353409206
-2037720.0139722864,-4488254.245669596,4036860.244166802
-2033700.1716154425,-4484655.362157796,4042842.304843721
-2040149.888561686,-4478771.593819846,4046091.9837365015
-2031313.4372409994,-4483702.899397876,4045082.933242209
-2037036.1577012434,-4485084.455380056,4040700.653434871
-2032193.0187028712,-4487766.591710704,4040164.8943309886
-2035503.3684819215,-4480560.562214191,4046449.123679793
-2039612.5397727566,-4487176.549046705,4037100.924233495
-2034646.23645223,-4490455.23714149,4035968.8551986814
-2038258.5972152285,-4486376.49723685,4038663.068903669
-2031290.841973616,-4486971.175483042,4041492.879537271
-2032540.8382429199,-4483650.496499153,4044528.1691105985
-2037690.4747973883,-4482215.9699744,4043533.5872649224
-2040221.3286692728,-4490056.027066015,4033613.763701336
-2043560.5672209847,-4482930.499893336,4039802.4571307246
-2038687.2433274547,-4484632.713512838,4040371.556874689
-2036461.7650620388,-4482459.23403658,4043880.5782252583
-2039528.8069966526,-4480263.136089404,4044762.5206697453
-2035931.0204823823,-4484980.311605633,4041368.6738753123
-2029814.4698337086,-4483142.944132096,4046446.604515433
-2039629.4954288995,-4482734.641593268,4041991.0971333757
-2038875.4778799426,-4478410.295618902,4047127.185942464
-2043446.4211459002,-4487682.898536309,4034615.3065877333
-2035873.4222109541,-4483886.931951033,4042602.4371268377
-2036082.8772137715,-4485501.367221574,4040718.2153511313
-2036358.9039387796,-4486695.533936328,4039262.8688215143
-2038521.1447311617,-4489317.246182481,4035284.0778704435
-2040102.7655571594,-4484891.986737139,4039375.860986137
-2037655.1862497516,-4486286.098133631,4039065.246730527
-2029238.0026140183,-4484033.93373001,4045753.104660788
-2037479.3001068593,-4484183.381434628,4041472.0274379635
-2041497.7732096552,-4480534.341292648,4043477.250098073
-2036425.7961441313,-4486374.576290724,4039583.4698935854
-2036997.9285955096,-4485347.769751528,4040429.4622484134
-2032136.1799993485,-4480469.993819694,4048229.4289472117
-2034383.9475292705,-4488227.658128758,4038560.5837292415
-2033088.1342759088,-4484528.38821503,4043287.956719072
-2036052.074216801,-4478544.081456937,4048391.820424764
-2028856.952672889,-4486219.140293879,4043536.0147396824
-2037732.8946516933,-4483819.204723729,4041746.366809252
-2034939.985211566,-4482735.06892461,4044337.7800613362
-2033847.7627051815,-4490621.926503644,4036184.3879458485
-2032511.1904778434,-4479972.615607196,4048589.1774057895
-2040564.673535457,-4484073.903686799,4040046.2028890215
-2034409.9970831815,-4486889.434530255,4040024.336384725
-2039363.3529716602,-4484252.939241269,4040451.3259276934
-2038412.1476952594,-4482429.015173024,4042937.6513688173
-2028985.8327026407,-4487755.288651502,4041778.189226529
-2033222.3955278476,-4481874.684069867,4046142.6252382654
-2036944.4461509262,-4489175.662750167,4036231.294563002
-2032641.0050434088,-4486723.399382907,4041091.811985716
-2037582.8212681497,-4480773.466251027,4045175.1840032726
-2039328.426106813,-4488041.94022316,4036287.8869282985
-2036084.7717397057,-4483501.426921496,4042921.4010646837
-2043696.149072168,-4482721.712047802,4039964.4595982786
-2036473.3235149924,-4483858.905311843,4042333.1706091226
-2037929.1047503436,-4481829.72783128,4043839.3805884994
-2040993.3823019303,-4488768.717967651,4034648.848715421
-2039463.2368764887,-4487294.671542287,4037045.432261728
-2041173.6342150972,-4478964.0788706355,4045367.396919892
-2035222.7583214,-4485528.0745485155,4041119.1615658235
-2039660.5662232123,-4486022.836052,4038350.2179243234
-2030679.929782509,-4486031.294510051,4042833.9945366783
-2036605.9409435554,-4488019.801856606,4037677.5127887055
-2036341.704619756,-4491926.427952034,4033492.556923722
-2035529.2917254781,-4486676.415257723,4039699.297521978
-2028887.1501560735,-4488219.902232744,4041314.9150471464
-2033844.3387343313,-4484443.375094517,4043003.8372890796
-2033505.1349847985,-4483178.825078417,4044566.0543705113
-2038112.8093649196,-4487650.65283553,4037329.7995245485
-2040453.0470933332,-4490278.687569957,4033251.1168930274
-2034142.203867808,-4487938.592517402,4039000.6043875758
-2033206.5459577737,-4486085.584310439,4041512.552248598
-2033005.4998622183,-4489347.967070184,4038013.1750806174
-2039479.8611911298,-4486375.904047054,4038051.263281911
-2039197.396028648,-4485185.447036693,4039506.3013378917
-2028778.2542454705,-4484725.098231826,4045221.126552999
-2035692.2253674844,-4492051.877372062,4033679.426573843
-2037415.6968484314,-4483166.694373776,4042624.093752564
-2040937.7211693362,-4484606.496173387,4039271.7453730125
-2034296.3358945071,-4482471.27732576,4044949.79327066
-2037954.1303525118,-4485114.236027252,4040208.0052408166
-2038240.868608651,-4479929.848215063,4045773.9622304267
-2028619.9649369381,-4486892.287249155,4042912.1733362
-2038809.1817940646,-4481966.90771176,4043247.665065802
-2034016.6989622405,-4481740.05675208,4045894.192153904
-2036557.0225062093,-4485857.229104711,4040088.4146509175
-2035074.6897863955,-4485832.878949713,4040857.151402092
-2040474.933563167,-4478962.742425949,4045718.9759106655
-2043229.9693827806,-4486816.617628899,4035681.073513399
-2040263.8529889523,-4482624.073455532,4041794.884454704
-2039070.265411808,-4488723.939675129,4035664.0798483426
-2034883.6274083043,-4484595.159961701,4042317.0944627845
-2040448.1255275668,-4481629.379058072,4042798.0378171313
-2033573.9166086875,-4481571.9613885665,4046300.2144343057
-2041649.5513993932,-4483943.687202978,4039645.309338013
-2037034.2720675687,-4480054.958155527,4046239.9554008855
-2034103.368882883,-4485971.227645174,4041190.370820018
-2035202.6618974397,-4486678.82141067,4039860.1079161977
-2041051.2791104442,-4490014.0065470245,4033243.140688419
-2039777.2119552747,-4478522.599839085,4046552.365172347
-2034935.098611315,-4482337.143850524,4044778.286356607
-2033803.909068951,-4484855.010344796,4042570.4708093004
-2033277.9464921986,-4482977.653442219,4044900.9846722162
-2032160.2712681887,-4484907.703572437,4043333.374227123
-2039908.2787263435,-4480348.764875026,4044478.2143876953
-2038662.3596547109,-4487568.608076754,4037144.777267883
-2031075.865403303,-4485553.055151984,4043163.504780138
-2038426.9013603525,-4478397.674491784,4047365.499825849
-2036934.2166758087,-4484943.235939191,4040907.3932073764
-2032064.6285899754,-4481790.0653282935,4046813.4027730115
-2033926.8725346955,-4482868.0421754755,4044697.578928756
-2035701.2439507775,-4484946.833823629,4041520.5487445584
-2038145.0043189821,-4482879.580565178,4042575.1899334877
-2043667.2296637702,-4486206.929249687,4036134.3862686516
-2037358.9309959728,-4478377.54389019,4047921.7228997303
-2036937.9891000174,-4483682.802491246,4042294.644888672
-2042696.5398966547,-4482109.2306853635,4041141.4646238755
-2040911.862904944,-4484382.359466288,4039531.891423195
-2036460.2770444793,-4487388.2941241115,4038447.614022895
-2029289.1694404262,-4485499.518455191,4044113.5342994425
-2037814.6527924235,-4482546.408626918,4043107.553814488
-2036645.350048999,-4488355.3022211,4037287.310366716
-2032884.1772953519,-4488070.394620518,4039484.240384527
-2042380.9010367608,-4489068.158560598,4033620.3534254385
-2040380.4905786929,-4481345.1606811425,4043144.8808055283
-2038191.865065831,-4483672.945392623,4041677.6573951095
-2037069.9375024075,-4480973.778172134,4045211.3635218376
-2036570.3109335215,-4489290.279326257,4036292.1989042046
-2043117.8148213872,-4488098.09239106,4034321.852275486
-2034128.2090083319,-4484192.730779729,4043138.1219858294
-2042333.6326945398,-4480214.749160138,4043409.7277941024
-2038702.018058706,-4485653.767761135,4039238.124634216
-2037094.2054404202,-4487500.268541508,4038006.4189716014
-2039172.2625255494,-4478414.178812697,4046974.3894607434
-2031185.1784250466,-4483846.822776391,4044988.442324303
-2039027.2164534277,-4486764.318229368,4037849.649881893
-2035651.1629651643,-4484307.202694253,4042250.5485728905
-2042639.0118354505,-4483950.963254002,4039140.405508546
-2038408.06437941,-4481741.955375624,4043696.2164482037
-2033355.3923151547,-4483321.902028053,4044483.2996783475
-2033149.9061465352,-4489741.378185507,4037506.4484409722
-2035448.6691452272,-4488633.935945335,4037579.059148153
-2042196.532794945,-4489232.657247093,4033531.2255718685
-2039294.9089926293,-4481385.614193392,4043644.3414485897
-2032893.9350814659,-4485338.952041756,4042491.7855393765
-2037956.0336987688,-4483666.49542681,4041802.888354426
-2039892.371895514,-4487770.8540934045,4036304.2225070396
-2029940.187192874,-4487211.167758931,4041902.2730839537
-2037558.1231091837,-4485450.82653562,4040035.22969244
-2035580.2839395327,-4490627.530330264,4035310.55006964
-2036750.6998222368,-4485784.776728097,4040071.3406087756
-2028632.5663571598,-4487706.759638166,4042007.84424208
-2035459.4848132085,-4480823.222328375,4046182.1410494195
-2034688.5810008112,-4485762.394982269,4041127.99778169
-2040865.0721318373,-4489692.425924318,4033692.3035610938
-2035512.5131444207,-4486197.33528749,4040236.158713113
-2040766.9877242437,-4482771.128766789,4041380.548287589
-2042451.299817664,-4482013.787390011,4041369.732368979
-2032626.7255830143,-4480850.184363976,4047566.762262189
-2034834.7801763762,-4484160.122354667,4042820.8703059703
-2037885.7832972915,-4479554.561196399,4046364.3576426166
-2036574.6039908675,-4486800.648478222,4039038.863255045
-2033454.5461265394,-4487770.477900559,4039530.0625122143
-2040960.9692405018,-4485403.766756071,4038380.6542366566
-2038658.8341888986,-4488942.210464938,4035629.3926120005
-2031382.5333745338,-4486355.980644244,4042125.440347483
-2036189.066447526,-4484491.016707045,4041778.85853922
-2034496.4585602814,-4481643.047456057,4045761.322819955
-2033955.492707391,-4484688.100184071,4042678.644260052
-2038133.0373668147,-4486617.961873124,4038459.56144778
-2029605.8403451052,-4488387.664194832,4040771.350819014
-2039025.8796831747,-4485444.688799281,4039306.3712937017
-2038357.7877639027,-4490692.932149122,4033845.327015007
-2041073.5922916953,-4486156.216127616,4037493.8004337233
-2037011.5461998025,-4484136.647051354,4041757.7335060947
-2031165.7451811074,-4486292.586158841,4042303.5392437917
-2034523.4247244496,-4488730.480059783,4037935.643910294
-2034959.1581981857,-4484152.789139979,4042766.764309669
-2036295.7562726173,-4486997.046240223,4038961.7985431617
-2031030.476141038,-4488263.586667,4040197.1788826934
-2037182.5184971746,-4481774.184373385,4044274.166553333
-2042920.0210931748,-4487588.462736902,4034984.418053578
-2034774.5516580432,-4486037.518800169,4040781.6255318318
-2036922.3495842812,-4480835.098099301,4045437.7674344685
-2039524.142551739,-4483326.096024568,4041392.257397885
-2035984.3647788742,-4484487.533940417,4041885.125909104
-2041727.1843269642,-4480640.56598962,4043245.2654495663
-2030147.44715173,-4482651.787879099,4046821.151250937
-2035033.3255343994,-4478788.299767429,4048632.248482021
-2038024.8079665992,-4483208.558561485,4042272.989671248
-2039808.5237849571,-4484616.375849166,4039827.3901094273
-2035236.8112815577,-4484247.841530561,4042523.198288565
-2038077.781173543,-4479594.474618275,4046224.410335287
-2032943.1817050457,-4482804.576386189,4045258.641820229
-2034424.563829884,-4487524.556643845,4039316.2866223366
-2041214.8611083862,-4485734.505797101,4037888.2556994297
-2038598.712115702,-4491101.236360381,4033272.8270159923
-2031843.436488653,-4485021.803415931,4043365.8203857145
-2034648.242297415,-4483339.5023847455,4043818.0326297036
-2040915.0640562668,-4483081.0463561285,4040964.773630432
-2037341.441829226,-4488223.073223822,4037084.4624659694
-2034004.097933447,-4490220.956978756,4036549.2273928816
-2037682.9092165926,-4483261.899944537,4042385.433560514
-2031088.6095544014,-4488499.973609304,4039907.2875098404
-2039226.3239328584,-4483826.002121245,4040990.626482066
-2038927.6296713017,-4487283.7275007535,4037326.2413595733
-2028669.8492809962,-4484897.252897447,4045085.5415660655
-2040673.9602538713,-4479661.672554958,4044850.511849477
-2036803.7267459915,-4485404.455138436,4040464.2031759876
-2040577.0090989629,-4487503.603980191,4036255.619029373
-2034512.7344943075,-4487918.401686559,4038837.509425704
-2036244.6663859314,-4488386.157603996,4037453.989582139
-2043534.4631880007,-4486861.9291582275,4035477.886325138
-2036658.3609118278,-4482277.332126702,4043982.507465273
-2040813.1785467207,-4478820.217230369,4045706.237610233
-2036199.8562919735,-4484625.273406814,4041625.4885818497
-2039614.9772676472,-4484993.829768866,4039508.2200469314
-2038910.7490100034,-4487981.291336754,4036564.4595022947
-2040350.5350184692,-4480858.6181543665,4043695.4954677904
-2042678.3695144297,-4488518.515714959,4034078.278109443
-2035645.4038177864,-4485753.93795768,4040658.6511797113
-2028741.7060617302,-4487884.646569849,4041757.241731487
-2036798.0482842673,-4490328.113509719,4035031.1375083434
-2038056.9226917624,-4487030.185500126,4038042.77068794
-2037520.281279034,-4482489.355288651,4043317.7450554064
-2029555.653831893,-4483641.3410630915,4046027.0158691485
-2038832.3949588658,-4483401.725389466,4041655.611389866
-2034962.7346126933,-4489608.593558615,4036745.8709964915
-2035071.7698285675,-4486913.534038938,4039666.6660914687
-2032199.2716037908,-4486962.546470044,4041048.740532793
-2034296.8300488885,-4479046.33518356,4048716.35209207
-2034930.1345220078,-4486654.697039249,4040023.083826615
