#station,X,Y,Z
dsa-0,-2409284.796076235,-4477897.001482909,3839349.516402577
dsa-1,-2402874.045425513,-4478546.685597342,3842592.8262383
dsa-2,-2402788.5337904627,-4478813.0206654025,3842337.5757839587
dsa-3,-2402628.8354786215,-4479031.989041569,3842183.4424759066
dsa-4,-2402844.1261701738,-4478834.654119695,3842277.86113257
dsa-5,-2403039.266053143,-4479009.877189364,3841953.228003497
dsa-6,-2402888.290301261,-4479400.818045128,3841594.4258242175
dsa-7,-2403451.537434345,-4482023.783243182,3838204.608093308
dsa-8,-2403337.860482795,-4482114.595880065,3838170.258304983
dsa-9,-2403314.037323655,-4481854.7517990265,3838486.1398995086
dsa-10,-2403431.1566393664,-4481710.897949326,3838579.792770622
dsa-11,-2403313.220848176,-4481426.210462501,3838983.1183812036
dsa-48,-2404749.775069712,-4482426.3838421535,3836928.9683069983
dsa-49,-2404865.4946003905,-4482312.669221368,3836988.5770907346
dsa-50,-2405464.684148156,-4482063.219380567,3836904.077997092
dsa-61,-2405006.2489572894,-4482961.990407793,3836148.5962203965
dsa-62,-2405190.0919206934,-4483097.916817245,3835876.530319549
dsa-63,-2404274.82431649,-4482588.3809986655,3837037.341197676
dsa-64,-2404835.3746805065,-4482363.886983366,3836948.015258728
dsa-65,-2404510.919669422,-4482076.091231578,3837483.6702394458
dsa-66,-2405361.7458503246,-4481675.79209385,3837417.0804246785
dsa-67,-2405329.035658373,-4481557.421671696,3837574.6028300487
dsa-68,-2404771.988972421,-4482042.897253246,3837359.3950090054
dsa-69,-2404989.527010693,-4482089.247861367,3837170.100643493
dsa-70,-2404508.757668567,-4482346.634996312,3837171.590128398
dsa-71,-2404855.295621335,-4481726.77859719,3837673.694683933
dsa-72,-2405106.2521936465,-4481657.53551787,3837597.486217395
dsa-73,-2405333.115666024,-4481409.90339696,3837742.961103715
dsa-74,-2405420.7683667326,-4481267.923670573,3837852.8100358364
dsa-75,-2405641.412687943,-4481321.807823745,3837652.8517596675
dsa-76,-2404609.8214942357,-4481730.041942105,3837822.9240120524
dsa-77,-2404583.2890995843,-4481839.654677116,3837712.4748112266
dsa-78,-2405060.146679728,-4481057.089883812,3838321.8473490924
dsa-79,-2405255.029777716,-4481348.897384792,3837862.3100156696
dsa-80,-2405192.8758624895,-4480908.074642298,3838411.7497389847
dsa-81,-2405460.6325755054,-4480970.233078366,3838172.8393301903
dsa-82,-2405685.9880235307,-4480818.581920341,3838208.059270263
dsa-83,-2406015.337753148,-4480714.166776398,3838123.7336562937
dsa-84,-2405890.7630391913,-4481324.545681614,3837494.2538322555
dsa-85,-2406212.1669995957,-4480693.905281147,3838024.5183883742
dsa-86,-2403879.9575206647,-4482378.0726745855,3837527.115559679
dsa-87,-2403875.367605825,-4482251.225055413,3837676.9308378417
dsa-88,-2404383.3515801607,-4482041.037898939,3837603.7961547077
dsa-89,-2403935.3823261866,-4481756.760406033,3838212.3646043125
dsa-90,-2403851.764211238,-4481951.414967853,3838038.976478072
dsa-91,-2404012.871915483,-4482122.962973281,3837739.814026991
dsa-92,-2403859.5837999876,-4482285.095784502,3837647.529676333
dsa-93,-2404270.0789695657,-4482132.122946918,3837568.8787398445
dsa-94,-2404365.302591011,-4481886.718655965,3837793.8269578214
dsa-95,-2403967.789891338,-4481732.254790389,3838220.554195105
dsa-96,-2404300.4512388376,-4481442.591907958,3838348.775783098
dsa-97,-2404041.3171907533,-4481506.437577849,3838436.334422035
dsa-98,-2403851.8472613744,-4481605.710830827,3838439.426514807
dsa-147,-2403651.2517366935,-4478401.227982839,3842276.8889349983
dsa-148,-2404006.5844768095,-4478314.067593114,3842156.377673095
dsa-149,-2404117.338729824,-4478239.451495424,3842173.7853924497
dsa-150,-2403757.1774850385,-4478672.923661488,3841896.100617532
dsa-151,-2403311.341662825,-4478825.731794542,3841996.9710474885
dsa-152,-2403084.1702403096,-4478863.037355952,3842095.353599702
dsa-153,-2403249.7816537116,-4479276.261773738,3841513.399264768
dsa-154,-2405867.3173752003,-4479141.745871554,3840037.6641456457
dsa-155,-2405853.5275586983,-4479013.4463444995,3840194.895994745
dsa-156,-2405591.508468146,-4478871.001142818,3840523.2430500183
dsa-157,-2405115.0418295534,-4479286.49166716,3840338.8861507247
dsa-158,-2405755.168448212,-4478817.020380475,3840483.767104495
dsa-159,-2404323.047821558,-4479140.711608275,3841001.4428269854
dsa-160,-2404840.275996475,-4479166.5003659,3840649.165483258
dsa-161,-2404846.1915201177,-4478914.748458167,3840937.135373066
dsa-162,-2404996.6014443077,-4479129.233074386,3840594.898600538
dsa-163,-2405266.214455994,-4478869.302949098,3840727.9740321958
dsa-164,-2404953.233884816,-4478831.770861805,3840966.543684317
dsa-165,-2404749.4149306314,-4478796.183942398,3841134.8167694192
dsa-166,-2404349.989052319,-4478918.808730097,3841241.7264779657
dsa-167,-2404192.3358299257,-4478878.001955407,3841387.2706045597
dsa-168,-2403984.3848102586,-4479095.373354473,3841265.0644880775
dsa-169,-2405083.6057497086,-4478649.961621734,3841095.9076324627
dsa-170,-2404915.204811268,-4478631.303531148,3841222.4915911257
dsa-171,-2404262.78783163,-4478741.544127807,3841501.443970805
dsa-172,-2404571.5476394887,-4478492.883572307,3841597.0623470927
dsa-173,-2404482.52335523,-4478422.914186757,3841733.6135855885
dsa-174,-2404086.6036265567,-4478552.315164693,3841830.4875402693
dsa-175,-2403597.606502891,-4478737.406295595,3841920.8612653636
dsa-176,-2403555.6055254377,-4478846.593154236,3841820.547387628
dsa-177,-2403739.3105770433,-4479034.0577652585,3841488.859913111
dsa-178,-2403477.085574555,-4479064.465788831,3841617.083076221
dsa-179,-2403592.1146184793,-4479231.641762848,3841351.7076094425
dsa-180,-2403484.2280182755,-4479396.330429867,3841228.162413474
dsa-181,-2403784.622782395,-4479436.155802602,3840994.7810037844
dsa-182,-2404348.176286762,-4479428.883452927,3840651.9295977335
dsa-183,-2403913.890038012,-4479526.207020823,3840809.8803401454
dsa-184,-2405119.6699049226,-4479280.292157297,3840343.183555707
dsa-185,-2404880.5575736715,-4479295.919284628,3840474.12385367
dsa-186,-2404674.688472094,-4479484.104566395,3840384.4324449436
dsa-187,-2404453.0604821076,-4479335.554622502,3840694.6751593174
dsa-188,-2404212.672318267,-4479351.967842779,3840825.5000177426
dsa-189,-2404693.923892036,-4479535.161297599,3840313.292794496
dsa-190,-2404786.167250177,-4479595.465876612,3840185.931807501
dsa-191,-2405447.9510111623,-4479163.663485744,3840273.673538026
dsa-192,-2405160.999530879,-4479437.914124378,3840134.8151299995
dsa-193,-2405667.616029895,-4479134.892233429,3840170.0828234223
dsa-194,-2404472.7938527,-4479780.373116742,3840167.0480655385
dsa-195,-2404423.9975374145,-4479891.019933447,3840069.278509389
dsa-196,-2405055.4427685095,-4480002.050188362,3839547.0537657486
dsa-197,-2405223.214470622,-4479643.234698479,3839858.169056651
dsa-700,-2410476.649674918,-4478478.024744809,3837933.4838604648
dsa-701,-2410456.307277492,-4478652.911990377,3837743.5550921224
dsa-702,-2410098.522667868,-4478703.102081634,3837908.425135063
dsa-703,-2409763.2317985506,-4478751.024635147,3838061.9012527224
dsa-704,-2409829.910960913,-4478719.981524712,3838056.302285041
dsa-705,-2409445.368069817,-4479048.211725768,3837915.739079182
dsa-706,-2409135.5256390395,-4478998.090776293,3838166.9369791867
dsa-707,-2409300.1866494524,-4478950.915200277,3838118.953188831
dsa-708,-2409209.274330703,-4479008.740397564,3838108.62994414
dsa-709,-2409477.364091812,-4478780.187375515,3838206.304157318
dsa-710,-2409474.622619973,-4479033.818481379,3837914.1787340357
dsa-711,-2409280.741816234,-4479071.138496044,3837991.7936960044
dsa-712,-2408810.5566295767,-4479203.340881406,3838131.713643345
dsa-713,-2408793.1209992035,-4479086.125414885,3838278.3770179036
dsa-714,-2408962.5524197672,-4479214.092500736,3838024.515137849
dsa-715,-2408545.1521488167,-4479149.664114529,3838359.3317478844
dsa-716,-2409265.216272588,-4479306.304588425,3837729.0288014994
dsa-717,-2409013.189685302,-4479301.100257824,3837892.1523254775
dsa-718,-2408725.8890670077,-4479411.1245057415,3837943.769508958
dsa-719,-2408825.660579064,-4479337.836707223,3837966.4841874954
dsa-720,-2408626.932833006,-4479578.947331813,3837811.026844698
dsa-721,-2408621.111232502,-4479454.502440742,3837958.826277002
dsa-722,-2408341.734058378,-4479340.429083818,3838265.1239702078
dsa-723,-2408383.641545076,-4479123.712417372,3838490.070513007
dsa-724,-2408370.587400714,-4479204.938930262,3838404.105724282
dsa-725,-2408234.7135884836,-4479060.320993575,3838656.340519518
dsa-726,-2410210.6260622344,-4478775.698372385,3837754.4448335925
dsa-727,-2410149.456785349,-4478923.59576316,3837621.2324691927
dsa-728,-2409827.1016584984,-4479083.47285945,3837636.9449353605
dsa-729,-2410011.2829502122,-4478990.756405304,3837629.5532590747
dsa-730,-2409686.299871277,-4479084.049874898,3837724.041608601
dsa-731,-2409490.7338169366,-4479519.393551045,3837341.5925160176
dsa-732,-2409429.3290759744,-4479582.617715573,3837306.621726895
dsa-733,-2409564.5750760944,-4479283.60756009,3837568.7259767465
dsa-734,-2409722.6842628503,-4479324.363950464,3837422.956007311
dsa-735,-2409458.422707541,-4479300.121586577,3837615.7616397687
dsa-736,-2409294.7144962014,-4479502.383663755,3837483.482218308
dsa-737,-2409295.6269119717,-4479522.580429745,3837459.515326092
dsa-738,-2409415.3913205448,-4479699.292501898,3837180.1405243403
dsa-739,-2409157.5923244874,-4479642.676900041,3837406.422617338
dsa-740,-2409139.5862300256,-4479907.258725993,3837111.1254796525
dsa-741,-2409153.7597094057,-4479385.942656756,3837706.240844301
dsa-742,-2408928.5479041673,-4479577.005023247,3837625.2730772253
dsa-743,-2408874.3889650297,-4479721.186907727,3837491.9954524618
dsa-744,-2408592.426837305,-4479727.003884634,3837661.0102228727
dsa-745,-2408660.2337413067,-4479627.1743538575,3837734.3980831592
dsa-746,-2408814.530825803,-4479701.538742435,3837552.069076933
dsa-747,-2408954.9748545303,-4479880.730624777,3837256.9312832784
dsa-1771,-2413806.9089747122,-4479510.241786016,3834661.8188030617
dsa-1772,-2414467.496903531,-4479569.872067176,3834180.976111774
dsa-1773,-2414548.1416045944,-4479282.475995761,3834463.659632849
dsa-1774,-2414797.6031403574,-4479475.799251577,3834084.1972546815
dsa-1775,-2414246.725656863,-4479872.7551984815,3833967.694929472
dsa-1776,-2414084.995540702,-4479669.332047411,3834304.173029499
dsa-1777,-2413743.765242392,-4479542.758809963,3834663.506507898
dsa-1778,-2413552.922337663,-4479837.2687582,3834441.2706867196
dsa-1820,-2414483.2527472335,-4478326.716925159,3835611.3631521356
dsa-2041,-2412080.111676196,-4473122.175364288,3843138.8139814935
dsa-2042,-2412088.8302933276,-4472898.975824461,3843391.958423148
dsa-2043,-2411993.6083028144,-4472596.674976988,3843801.5312334234
dsa-2044,-2412004.1306181117,-4472656.366100177,3843725.819639289
dsa-2045,-2411948.11319572,-4472544.721114947,3843890.078515848
dsa-2046,-2411339.0321514704,-4472845.365673153,3843921.4336104593
dsa-2047,-2411425.110530912,-4472469.045940959,3844303.7491657096